7
-10.0E-2 10.0E-2 0.0E0 12.0E-2 1.0E0 0.0E0 2
-4.0E-2 -2.5E-2 0.0E0 3.0E-2 1.0E3 0.0E0 1
-4.0E-2 4.0E-2 3.0E-2 6.0E-2 1.0E3 0.0E0 1
2.5E-2 4.0E-2 0.0E0 3.0E-2 1.0E3 0.0E0 1
-1.0E-2 1.0E-2 2.0E-3 3.0E-2 1.0E3 0.0E0 1
-2.15E-2 -1.35E-2 1.85E-2 2.65E-2 1.0E0 1.0E7 3
1.35E-2 2.15E-2 1.85E-2 2.65E-2 1.0E0 -1.0E7 4
-10.0E-2 11
-4.0E-2 -2.5E-2 -2.15E-2 -1.35E-2 -1.0E-2 1.0E-2 1.35E-2 2.15E-2 2.5E-2 4.0E-2 10.0E-2
8.0E-3 4.0E-3 1.5E-3 1.5E-3 1.5E-3 1.0E-3 1.5E-3 1.5E-3 1.5E-3 4.0E-3 8.0E-3
1.3 1.2 1 1 1 1 1 1 1 1.2 1.3
-1 -1 1 1 1 1 1 1 1 1 1
0.0E0 6
2.0E-3 1.85E-2 2.65E-2 3.0E-2 6.0E-2 12.0E-2
1.0E-3 1.0E-3 2.0E-3 2.0E-3 3.0E-3 5.0E-3
1 1.1 1 1 1.2 1.3
-1 1 1 1 1 1
0 0