0 1 65 66
1 2 66 67
2 3 67 68
3 4 68 69
4 5 69 70
5 6 70 71
6 7 71 72
7 8 72 73
8 9 73 74
9 10 74 75
10 11 75 76
11 12 76 77
12 13 77 78
13 14 78 79
14 15 79 80
15 16 80 81
16 17 81 82
17 18 82 83
18 19 83 84
19 20 84 85
20 21 85 86
21 22 86 87
22 23 87 88
23 24 88 89
24 25 89 90
25 26 90 91
26 27 91 92
27 28 92 93
28 29 93 94
29 30 94 95
30 31 95 96
31 32 96 97
32 33 97 98
33 34 98 99
34 35 99 100
35 36 100 101
36 37 101 102
37 38 102 103
38 39 103 104
39 40 104 105
40 41 105 106
41 42 106 107
42 43 107 108
43 44 108 109
44 45 109 110
45 46 110 111
46 47 111 112
47 48 112 113
48 49 113 114
49 50 114 115
50 51 115 116
51 52 116 117
52 53 117 118
53 54 118 119
54 55 119 120
55 56 120 121
56 57 121 122
57 58 122 123
58 59 123 124
59 60 124 125
60 61 125 126
61 62 126 127
62 63 127 128
63 64 128 129
65 66 130 131
66 67 131 132
67 68 132 133
68 69 133 134
69 70 134 135
70 71 135 136
71 72 136 137
72 73 137 138
73 74 138 139
74 75 139 140
75 76 140 141
76 77 141 142
77 78 142 143
78 79 143 144
79 80 144 145
80 81 145 146
81 82 146 147
82 83 147 148
83 84 148 149
84 85 149 150
85 86 150 151
86 87 151 152
87 88 152 153
88 89 153 154
89 90 154 155
90 91 155 156
91 92 156 157
92 93 157 158
93 94 158 159
94 95 159 160
95 96 160 161
96 97 161 162
97 98 162 163
98 99 163 164
99 100 164 165
100 101 165 166
101 102 166 167
102 103 167 168
103 104 168 169
104 105 169 170
105 106 170 171
106 107 171 172
107 108 172 173
108 109 173 174
109 110 174 175
110 111 175 176
111 112 176 177
112 113 177 178
113 114 178 179
114 115 179 180
115 116 180 181
116 117 181 182
117 118 182 183
118 119 183 184
119 120 184 185
120 121 185 186
121 122 186 187
122 123 187 188
123 124 188 189
124 125 189 190
125 126 190 191
126 127 191 192
127 128 192 193
128 129 193 194
130 131 195 196
131 132 196 197
132 133 197 198
133 134 198 199
134 135 199 200
135 136 200 201
136 137 201 202
137 138 202 203
138 139 203 204
139 140 204 205
140 141 205 206
141 142 206 207
142 143 207 208
143 144 208 209
144 145 209 210
145 146 210 211
146 147 211 212
147 148 212 213
148 149 213 214
149 150 214 215
150 151 215 216
151 152 216 217
152 153 217 218
153 154 218 219
154 155 219 220
155 156 220 221
156 157 221 222
157 158 222 223
158 159 223 224
159 160 224 225
160 161 225 226
161 162 226 227
162 163 227 228
163 164 228 229
164 165 229 230
165 166 230 231
166 167 231 232
167 168 232 233
168 169 233 234
169 170 234 235
170 171 235 236
171 172 236 237
172 173 237 238
173 174 238 239
174 175 239 240
175 176 240 241
176 177 241 242
177 178 242 243
178 179 243 244
179 180 244 245
180 181 245 246
181 182 246 247
182 183 247 248
183 184 248 249
184 185 249 250
185 186 250 251
186 187 251 252
187 188 252 253
188 189 253 254
189 190 254 255
190 191 255 256
191 192 256 257
192 193 257 258
193 194 258 259
195 196 260 261
196 197 261 262
197 198 262 263
198 199 263 264
199 200 264 265
200 201 265 266
201 202 266 267
202 203 267 268
203 204 268 269
204 205 269 270
205 206 270 271
206 207 271 272
207 208 272 273
208 209 273 274
209 210 274 275
210 211 275 276
211 212 276 277
212 213 277 278
213 214 278 279
214 215 279 280
215 216 280 281
216 217 281 282
217 218 282 283
218 219 283 284
219 220 284 285
220 221 285 286
221 222 286 287
222 223 287 288
223 224 288 289
224 225 289 290
225 226 290 291
226 227 291 292
227 228 292 293
228 229 293 294
229 230 294 295
230 231 295 296
231 232 296 297
232 233 297 298
233 234 298 299
234 235 299 300
235 236 300 301
236 237 301 302
237 238 302 303
238 239 303 304
239 240 304 305
240 241 305 306
241 242 306 307
242 243 307 308
243 244 308 309
244 245 309 310
245 246 310 311
246 247 311 312
247 248 312 313
248 249 313 314
249 250 314 315
250 251 315 316
251 252 316 317
252 253 317 318
253 254 318 319
254 255 319 320
255 256 320 321
256 257 321 322
257 258 322 323
258 259 323 324
260 261 325 326
261 262 326 327
262 263 327 328
263 264 328 329
264 265 329 330
265 266 330 331
266 267 331 332
267 268 332 333
268 269 333 334
269 270 334 335
270 271 335 336
271 272 336 337
272 273 337 338
273 274 338 339
274 275 339 340
275 276 340 341
276 277 341 342
277 278 342 343
278 279 343 344
279 280 344 345
280 281 345 346
281 282 346 347
282 283 347 348
283 284 348 349
284 285 349 350
285 286 350 351
286 287 351 352
287 288 352 353
288 289 353 354
289 290 354 355
290 291 355 356
291 292 356 357
292 293 357 358
293 294 358 359
294 295 359 360
295 296 360 361
296 297 361 362
297 298 362 363
298 299 363 364
299 300 364 365
300 301 365 366
301 302 366 367
302 303 367 368
303 304 368 369
304 305 369 370
305 306 370 371
306 307 371 372
307 308 372 373
308 309 373 374
309 310 374 375
310 311 375 376
311 312 376 377
312 313 377 378
313 314 378 379
314 315 379 380
315 316 380 381
316 317 381 382
317 318 382 383
318 319 383 384
319 320 384 385
320 321 385 386
321 322 386 387
322 323 387 388
323 324 388 389
325 326 390 391
326 327 391 392
327 328 392 393
328 329 393 394
329 330 394 395
330 331 395 396
331 332 396 397
332 333 397 398
333 334 398 399
334 335 399 400
335 336 400 401
336 337 401 402
337 338 402 403
338 339 403 404
339 340 404 405
340 341 405 406
341 342 406 407
342 343 407 408
343 344 408 409
344 345 409 410
345 346 410 411
346 347 411 412
347 348 412 413
348 349 413 414
349 350 414 415
350 351 415 416
351 352 416 417
352 353 417 418
353 354 418 419
354 355 419 420
355 356 420 421
356 357 421 422
357 358 422 423
358 359 423 424
359 360 424 425
360 361 425 426
361 362 426 427
362 363 427 428
363 364 428 429
364 365 429 430
365 366 430 431
366 367 431 432
367 368 432 433
368 369 433 434
369 370 434 435
370 371 435 436
371 372 436 437
372 373 437 438
373 374 438 439
374 375 439 440
375 376 440 441
376 377 441 442
377 378 442 443
378 379 443 444
379 380 444 445
380 381 445 446
381 382 446 447
382 383 447 448
383 384 448 449
384 385 449 450
385 386 450 451
386 387 451 452
387 388 452 453
388 389 453 454
390 391 455 456
391 392 456 457
392 393 457 458
393 394 458 459
394 395 459 460
395 396 460 461
396 397 461 462
397 398 462 463
398 399 463 464
399 400 464 465
400 401 465 466
401 402 466 467
402 403 467 468
403 404 468 469
404 405 469 470
405 406 470 471
406 407 471 472
407 408 472 473
408 409 473 474
409 410 474 475
410 411 475 476
411 412 476 477
412 413 477 478
413 414 478 479
414 415 479 480
415 416 480 481
416 417 481 482
417 418 482 483
418 419 483 484
419 420 484 485
420 421 485 486
421 422 486 487
422 423 487 488
423 424 488 489
424 425 489 490
425 426 490 491
426 427 491 492
427 428 492 493
428 429 493 494
429 430 494 495
430 431 495 496
431 432 496 497
432 433 497 498
433 434 498 499
434 435 499 500
435 436 500 501
436 437 501 502
437 438 502 503
438 439 503 504
439 440 504 505
440 441 505 506
441 442 506 507
442 443 507 508
443 444 508 509
444 445 509 510
445 446 510 511
446 447 511 512
447 448 512 513
448 449 513 514
449 450 514 515
450 451 515 516
451 452 516 517
452 453 517 518
453 454 518 519
455 456 520 521
456 457 521 522
457 458 522 523
458 459 523 524
459 460 524 525
460 461 525 526
461 462 526 527
462 463 527 528
463 464 528 529
464 465 529 530
465 466 530 531
466 467 531 532
467 468 532 533
468 469 533 534
469 470 534 535
470 471 535 536
471 472 536 537
472 473 537 538
473 474 538 539
474 475 539 540
475 476 540 541
476 477 541 542
477 478 542 543
478 479 543 544
479 480 544 545
480 481 545 546
481 482 546 547
482 483 547 548
483 484 548 549
484 485 549 550
485 486 550 551
486 487 551 552
487 488 552 553
488 489 553 554
489 490 554 555
490 491 555 556
491 492 556 557
492 493 557 558
493 494 558 559
494 495 559 560
495 496 560 561
496 497 561 562
497 498 562 563
498 499 563 564
499 500 564 565
500 501 565 566
501 502 566 567
502 503 567 568
503 504 568 569
504 505 569 570
505 506 570 571
506 507 571 572
507 508 572 573
508 509 573 574
509 510 574 575
510 511 575 576
511 512 576 577
512 513 577 578
513 514 578 579
514 515 579 580
515 516 580 581
516 517 581 582
517 518 582 583
518 519 583 584
520 521 585 586
521 522 586 587
522 523 587 588
523 524 588 589
524 525 589 590
525 526 590 591
526 527 591 592
527 528 592 593
528 529 593 594
529 530 594 595
530 531 595 596
531 532 596 597
532 533 597 598
533 534 598 599
534 535 599 600
535 536 600 601
536 537 601 602
537 538 602 603
538 539 603 604
539 540 604 605
540 541 605 606
541 542 606 607
542 543 607 608
543 544 608 609
544 545 609 610
545 546 610 611
546 547 611 612
547 548 612 613
548 549 613 614
549 550 614 615
550 551 615 616
551 552 616 617
552 553 617 618
553 554 618 619
554 555 619 620
555 556 620 621
556 557 621 622
557 558 622 623
558 559 623 624
559 560 624 625
560 561 625 626
561 562 626 627
562 563 627 628
563 564 628 629
564 565 629 630
565 566 630 631
566 567 631 632
567 568 632 633
568 569 633 634
569 570 634 635
570 571 635 636
571 572 636 637
572 573 637 638
573 574 638 639
574 575 639 640
575 576 640 641
576 577 641 642
577 578 642 643
578 579 643 644
579 580 644 645
580 581 645 646
581 582 646 647
582 583 647 648
583 584 648 649
585 586 650 651
586 587 651 652
587 588 652 653
588 589 653 654
589 590 654 655
590 591 655 656
591 592 656 657
592 593 657 658
593 594 658 659
594 595 659 660
595 596 660 661
596 597 661 662
597 598 662 663
598 599 663 664
599 600 664 665
600 601 665 666
601 602 666 667
602 603 667 668
603 604 668 669
604 605 669 670
605 606 670 671
606 607 671 672
607 608 672 673
608 609 673 674
609 610 674 675
610 611 675 676
611 612 676 677
612 613 677 678
613 614 678 679
614 615 679 680
615 616 680 681
616 617 681 682
617 618 682 683
618 619 683 684
619 620 684 685
620 621 685 686
621 622 686 687
622 623 687 688
623 624 688 689
624 625 689 690
625 626 690 691
626 627 691 692
627 628 692 693
628 629 693 694
629 630 694 695
630 631 695 696
631 632 696 697
632 633 697 698
633 634 698 699
634 635 699 700
635 636 700 701
636 637 701 702
637 638 702 703
638 639 703 704
639 640 704 705
640 641 705 706
641 642 706 707
642 643 707 708
643 644 708 709
644 645 709 710
645 646 710 711
646 647 711 712
647 648 712 713
648 649 713 714
650 651 715 716
651 652 716 717
652 653 717 718
653 654 718 719
654 655 719 720
655 656 720 721
656 657 721 722
657 658 722 723
658 659 723 724
659 660 724 725
660 661 725 726
661 662 726 727
662 663 727 728
663 664 728 729
664 665 729 730
665 666 730 731
666 667 731 732
667 668 732 733
668 669 733 734
669 670 734 735
670 671 735 736
671 672 736 737
672 673 737 738
673 674 738 739
674 675 739 740
675 676 740 741
676 677 741 742
677 678 742 743
678 679 743 744
679 680 744 745
680 681 745 746
681 682 746 747
682 683 747 748
683 684 748 749
684 685 749 750
685 686 750 751
686 687 751 752
687 688 752 753
688 689 753 754
689 690 754 755
690 691 755 756
691 692 756 757
692 693 757 758
693 694 758 759
694 695 759 760
695 696 760 761
696 697 761 762
697 698 762 763
698 699 763 764
699 700 764 765
700 701 765 766
701 702 766 767
702 703 767 768
703 704 768 769
704 705 769 770
705 706 770 771
706 707 771 772
707 708 772 773
708 709 773 774
709 710 774 775
710 711 775 776
711 712 776 777
712 713 777 778
713 714 778 779
715 716 780 781
716 717 781 782
717 718 782 783
718 719 783 784
719 720 784 785
720 721 785 786
721 722 786 787
722 723 787 788
723 724 788 789
724 725 789 790
725 726 790 791
726 727 791 792
727 728 792 793
728 729 793 794
729 730 794 795
730 731 795 796
731 732 796 797
732 733 797 798
733 734 798 799
734 735 799 800
735 736 800 801
736 737 801 802
737 738 802 803
738 739 803 804
739 740 804 805
740 741 805 806
741 742 806 807
742 743 807 808
743 744 808 809
744 745 809 810
745 746 810 811
746 747 811 812
747 748 812 813
748 749 813 814
749 750 814 815
750 751 815 816
751 752 816 817
752 753 817 818
753 754 818 819
754 755 819 820
755 756 820 821
756 757 821 822
757 758 822 823
758 759 823 824
759 760 824 825
760 761 825 826
761 762 826 827
762 763 827 828
763 764 828 829
764 765 829 830
765 766 830 831
766 767 831 832
767 768 832 833
768 769 833 834
769 770 834 835
770 771 835 836
771 772 836 837
772 773 837 838
773 774 838 839
774 775 839 840
775 776 840 841
776 777 841 842
777 778 842 843
778 779 843 844
780 781 845 846
781 782 846 847
782 783 847 848
783 784 848 849
784 785 849 850
785 786 850 851
786 787 851 852
787 788 852 853
788 789 853 854
789 790 854 855
790 791 855 856
791 792 856 857
792 793 857 858
793 794 858 859
794 795 859 860
795 796 860 861
796 797 861 862
797 798 862 863
798 799 863 864
799 800 864 865
800 801 865 866
801 802 866 867
802 803 867 868
803 804 868 869
804 805 869 870
805 806 870 871
806 807 871 872
807 808 872 873
808 809 873 874
809 810 874 875
810 811 875 876
811 812 876 877
812 813 877 878
813 814 878 879
814 815 879 880
815 816 880 881
816 817 881 882
817 818 882 883
818 819 883 884
819 820 884 885
820 821 885 886
821 822 886 887
822 823 887 888
823 824 888 889
824 825 889 890
825 826 890 891
826 827 891 892
827 828 892 893
828 829 893 894
829 830 894 895
830 831 895 896
831 832 896 897
832 833 897 898
833 834 898 899
834 835 899 900
835 836 900 901
836 837 901 902
837 838 902 903
838 839 903 904
839 840 904 905
840 841 905 906
841 842 906 907
842 843 907 908
843 844 908 909
845 846 910 911
846 847 911 912
847 848 912 913
848 849 913 914
849 850 914 915
850 851 915 916
851 852 916 917
852 853 917 918
853 854 918 919
854 855 919 920
855 856 920 921
856 857 921 922
857 858 922 923
858 859 923 924
859 860 924 925
860 861 925 926
861 862 926 927
862 863 927 928
863 864 928 929
864 865 929 930
865 866 930 931
866 867 931 932
867 868 932 933
868 869 933 934
869 870 934 935
870 871 935 936
871 872 936 937
872 873 937 938
873 874 938 939
874 875 939 940
875 876 940 941
876 877 941 942
877 878 942 943
878 879 943 944
879 880 944 945
880 881 945 946
881 882 946 947
882 883 947 948
883 884 948 949
884 885 949 950
885 886 950 951
886 887 951 952
887 888 952 953
888 889 953 954
889 890 954 955
890 891 955 956
891 892 956 957
892 893 957 958
893 894 958 959
894 895 959 960
895 896 960 961
896 897 961 962
897 898 962 963
898 899 963 964
899 900 964 965
900 901 965 966
901 902 966 967
902 903 967 968
903 904 968 969
904 905 969 970
905 906 970 971
906 907 971 972
907 908 972 973
908 909 973 974
910 911 975 976
911 912 976 977
912 913 977 978
913 914 978 979
914 915 979 980
915 916 980 981
916 917 981 982
917 918 982 983
918 919 983 984
919 920 984 985
920 921 985 986
921 922 986 987
922 923 987 988
923 924 988 989
924 925 989 990
925 926 990 991
926 927 991 992
927 928 992 993
928 929 993 994
929 930 994 995
930 931 995 996
931 932 996 997
932 933 997 998
933 934 998 999
934 935 999 1000
935 936 1000 1001
936 937 1001 1002
937 938 1002 1003
938 939 1003 1004
939 940 1004 1005
940 941 1005 1006
941 942 1006 1007
942 943 1007 1008
943 944 1008 1009
944 945 1009 1010
945 946 1010 1011
946 947 1011 1012
947 948 1012 1013
948 949 1013 1014
949 950 1014 1015
950 951 1015 1016
951 952 1016 1017
952 953 1017 1018
953 954 1018 1019
954 955 1019 1020
955 956 1020 1021
956 957 1021 1022
957 958 1022 1023
958 959 1023 1024
959 960 1024 1025
960 961 1025 1026
961 962 1026 1027
962 963 1027 1028
963 964 1028 1029
964 965 1029 1030
965 966 1030 1031
966 967 1031 1032
967 968 1032 1033
968 969 1033 1034
969 970 1034 1035
970 971 1035 1036
971 972 1036 1037
972 973 1037 1038
973 974 1038 1039
975 976 1040 1041
976 977 1041 1042
977 978 1042 1043
978 979 1043 1044
979 980 1044 1045
980 981 1045 1046
981 982 1046 1047
982 983 1047 1048
983 984 1048 1049
984 985 1049 1050
985 986 1050 1051
986 987 1051 1052
987 988 1052 1053
988 989 1053 1054
989 990 1054 1055
990 991 1055 1056
991 992 1056 1057
992 993 1057 1058
993 994 1058 1059
994 995 1059 1060
995 996 1060 1061
996 997 1061 1062
997 998 1062 1063
998 999 1063 1064
999 1000 1064 1065
1000 1001 1065 1066
1001 1002 1066 1067
1002 1003 1067 1068
1003 1004 1068 1069
1004 1005 1069 1070
1005 1006 1070 1071
1006 1007 1071 1072
1007 1008 1072 1073
1008 1009 1073 1074
1009 1010 1074 1075
1010 1011 1075 1076
1011 1012 1076 1077
1012 1013 1077 1078
1013 1014 1078 1079
1014 1015 1079 1080
1015 1016 1080 1081
1016 1017 1081 1082
1017 1018 1082 1083
1018 1019 1083 1084
1019 1020 1084 1085
1020 1021 1085 1086
1021 1022 1086 1087
1022 1023 1087 1088
1023 1024 1088 1089
1024 1025 1089 1090
1025 1026 1090 1091
1026 1027 1091 1092
1027 1028 1092 1093
1028 1029 1093 1094
1029 1030 1094 1095
1030 1031 1095 1096
1031 1032 1096 1097
1032 1033 1097 1098
1033 1034 1098 1099
1034 1035 1099 1100
1035 1036 1100 1101
1036 1037 1101 1102
1037 1038 1102 1103
1038 1039 1103 1104
1040 1041 1105 1106
1041 1042 1106 1107
1042 1043 1107 1108
1043 1044 1108 1109
1044 1045 1109 1110
1045 1046 1110 1111
1046 1047 1111 1112
1047 1048 1112 1113
1048 1049 1113 1114
1049 1050 1114 1115
1050 1051 1115 1116
1051 1052 1116 1117
1052 1053 1117 1118
1053 1054 1118 1119
1054 1055 1119 1120
1055 1056 1120 1121
1056 1057 1121 1122
1057 1058 1122 1123
1058 1059 1123 1124
1059 1060 1124 1125
1060 1061 1125 1126
1061 1062 1126 1127
1062 1063 1127 1128
1063 1064 1128 1129
1064 1065 1129 1130
1065 1066 1130 1131
1066 1067 1131 1132
1067 1068 1132 1133
1068 1069 1133 1134
1069 1070 1134 1135
1070 1071 1135 1136
1071 1072 1136 1137
1072 1073 1137 1138
1073 1074 1138 1139
1074 1075 1139 1140
1075 1076 1140 1141
1076 1077 1141 1142
1077 1078 1142 1143
1078 1079 1143 1144
1079 1080 1144 1145
1080 1081 1145 1146
1081 1082 1146 1147
1082 1083 1147 1148
1083 1084 1148 1149
1084 1085 1149 1150
1085 1086 1150 1151
1086 1087 1151 1152
1087 1088 1152 1153
1088 1089 1153 1154
1089 1090 1154 1155
1090 1091 1155 1156
1091 1092 1156 1157
1092 1093 1157 1158
1093 1094 1158 1159
1094 1095 1159 1160
1095 1096 1160 1161
1096 1097 1161 1162
1097 1098 1162 1163
1098 1099 1163 1164
1099 1100 1164 1165
1100 1101 1165 1166
1101 1102 1166 1167
1102 1103 1167 1168
1103 1104 1168 1169
1105 1106 1170 1171
1106 1107 1171 1172
1107 1108 1172 1173
1108 1109 1173 1174
1109 1110 1174 1175
1110 1111 1175 1176
1111 1112 1176 1177
1112 1113 1177 1178
1113 1114 1178 1179
1114 1115 1179 1180
1115 1116 1180 1181
1116 1117 1181 1182
1117 1118 1182 1183
1118 1119 1183 1184
1119 1120 1184 1185
1120 1121 1185 1186
1121 1122 1186 1187
1122 1123 1187 1188
1123 1124 1188 1189
1124 1125 1189 1190
1125 1126 1190 1191
1126 1127 1191 1192
1127 1128 1192 1193
1128 1129 1193 1194
1129 1130 1194 1195
1130 1131 1195 1196
1131 1132 1196 1197
1132 1133 1197 1198
1133 1134 1198 1199
1134 1135 1199 1200
1135 1136 1200 1201
1136 1137 1201 1202
1137 1138 1202 1203
1138 1139 1203 1204
1139 1140 1204 1205
1140 1141 1205 1206
1141 1142 1206 1207
1142 1143 1207 1208
1143 1144 1208 1209
1144 1145 1209 1210
1145 1146 1210 1211
1146 1147 1211 1212
1147 1148 1212 1213
1148 1149 1213 1214
1149 1150 1214 1215
1150 1151 1215 1216
1151 1152 1216 1217
1152 1153 1217 1218
1153 1154 1218 1219
1154 1155 1219 1220
1155 1156 1220 1221
1156 1157 1221 1222
1157 1158 1222 1223
1158 1159 1223 1224
1159 1160 1224 1225
1160 1161 1225 1226
1161 1162 1226 1227
1162 1163 1227 1228
1163 1164 1228 1229
1164 1165 1229 1230
1165 1166 1230 1231
1166 1167 1231 1232
1167 1168 1232 1233
1168 1169 1233 1234
1170 1171 1235 1236
1171 1172 1236 1237
1172 1173 1237 1238
1173 1174 1238 1239
1174 1175 1239 1240
1175 1176 1240 1241
1176 1177 1241 1242
1177 1178 1242 1243
1178 1179 1243 1244
1179 1180 1244 1245
1180 1181 1245 1246
1181 1182 1246 1247
1182 1183 1247 1248
1183 1184 1248 1249
1184 1185 1249 1250
1185 1186 1250 1251
1186 1187 1251 1252
1187 1188 1252 1253
1188 1189 1253 1254
1189 1190 1254 1255
1190 1191 1255 1256
1191 1192 1256 1257
1192 1193 1257 1258
1193 1194 1258 1259
1194 1195 1259 1260
1195 1196 1260 1261
1196 1197 1261 1262
1197 1198 1262 1263
1198 1199 1263 1264
1199 1200 1264 1265
1200 1201 1265 1266
1201 1202 1266 1267
1202 1203 1267 1268
1203 1204 1268 1269
1204 1205 1269 1270
1205 1206 1270 1271
1206 1207 1271 1272
1207 1208 1272 1273
1208 1209 1273 1274
1209 1210 1274 1275
1210 1211 1275 1276
1211 1212 1276 1277
1212 1213 1277 1278
1213 1214 1278 1279
1214 1215 1279 1280
1215 1216 1280 1281
1216 1217 1281 1282
1217 1218 1282 1283
1218 1219 1283 1284
1219 1220 1284 1285
1220 1221 1285 1286
1221 1222 1286 1287
1222 1223 1287 1288
1223 1224 1288 1289
1224 1225 1289 1290
1225 1226 1290 1291
1226 1227 1291 1292
1227 1228 1292 1293
1228 1229 1293 1294
1229 1230 1294 1295
1230 1231 1295 1296
1231 1232 1296 1297
1232 1233 1297 1298
1233 1234 1298 1299
1235 1236 1300 1301
1236 1237 1301 1302
1237 1238 1302 1303
1238 1239 1303 1304
1239 1240 1304 1305
1240 1241 1305 1306
1241 1242 1306 1307
1242 1243 1307 1308
1243 1244 1308 1309
1244 1245 1309 1310
1245 1246 1310 1311
1246 1247 1311 1312
1247 1248 1312 1313
1248 1249 1313 1314
1249 1250 1314 1315
1250 1251 1315 1316
1251 1252 1316 1317
1252 1253 1317 1318
1253 1254 1318 1319
1254 1255 1319 1320
1255 1256 1320 1321
1256 1257 1321 1322
1257 1258 1322 1323
1258 1259 1323 1324
1259 1260 1324 1325
1260 1261 1325 1326
1261 1262 1326 1327
1262 1263 1327 1328
1263 1264 1328 1329
1264 1265 1329 1330
1265 1266 1330 1331
1266 1267 1331 1332
1267 1268 1332 1333
1268 1269 1333 1334
1269 1270 1334 1335
1270 1271 1335 1336
1271 1272 1336 1337
1272 1273 1337 1338
1273 1274 1338 1339
1274 1275 1339 1340
1275 1276 1340 1341
1276 1277 1341 1342
1277 1278 1342 1343
1278 1279 1343 1344
1279 1280 1344 1345
1280 1281 1345 1346
1281 1282 1346 1347
1282 1283 1347 1348
1283 1284 1348 1349
1284 1285 1349 1350
1285 1286 1350 1351
1286 1287 1351 1352
1287 1288 1352 1353
1288 1289 1353 1354
1289 1290 1354 1355
1290 1291 1355 1356
1291 1292 1356 1357
1292 1293 1357 1358
1293 1294 1358 1359
1294 1295 1359 1360
1295 1296 1360 1361
1296 1297 1361 1362
1297 1298 1362 1363
1298 1299 1363 1364
1300 1301 1365 1366
1301 1302 1366 1367
1302 1303 1367 1368
1303 1304 1368 1369
1304 1305 1369 1370
1305 1306 1370 1371
1306 1307 1371 1372
1307 1308 1372 1373
1308 1309 1373 1374
1309 1310 1374 1375
1310 1311 1375 1376
1311 1312 1376 1377
1312 1313 1377 1378
1313 1314 1378 1379
1314 1315 1379 1380
1315 1316 1380 1381
1316 1317 1381 1382
1317 1318 1382 1383
1318 1319 1383 1384
1319 1320 1384 1385
1320 1321 1385 1386
1321 1322 1386 1387
1322 1323 1387 1388
1323 1324 1388 1389
1324 1325 1389 1390
1325 1326 1390 1391
1326 1327 1391 1392
1327 1328 1392 1393
1328 1329 1393 1394
1329 1330 1394 1395
1330 1331 1395 1396
1331 1332 1396 1397
1332 1333 1397 1398
1333 1334 1398 1399
1334 1335 1399 1400
1335 1336 1400 1401
1336 1337 1401 1402
1337 1338 1402 1403
1338 1339 1403 1404
1339 1340 1404 1405
1340 1341 1405 1406
1341 1342 1406 1407
1342 1343 1407 1408
1343 1344 1408 1409
1344 1345 1409 1410
1345 1346 1410 1411
1346 1347 1411 1412
1347 1348 1412 1413
1348 1349 1413 1414
1349 1350 1414 1415
1350 1351 1415 1416
1351 1352 1416 1417
1352 1353 1417 1418
1353 1354 1418 1419
1354 1355 1419 1420
1355 1356 1420 1421
1356 1357 1421 1422
1357 1358 1422 1423
1358 1359 1423 1424
1359 1360 1424 1425
1360 1361 1425 1426
1361 1362 1426 1427
1362 1363 1427 1428
1363 1364 1428 1429
1365 1366 1430 1431
1366 1367 1431 1432
1367 1368 1432 1433
1368 1369 1433 1434
1369 1370 1434 1435
1370 1371 1435 1436
1371 1372 1436 1437
1372 1373 1437 1438
1373 1374 1438 1439
1374 1375 1439 1440
1375 1376 1440 1441
1376 1377 1441 1442
1377 1378 1442 1443
1378 1379 1443 1444
1379 1380 1444 1445
1380 1381 1445 1446
1381 1382 1446 1447
1382 1383 1447 1448
1383 1384 1448 1449
1384 1385 1449 1450
1385 1386 1450 1451
1386 1387 1451 1452
1387 1388 1452 1453
1388 1389 1453 1454
1389 1390 1454 1455
1390 1391 1455 1456
1391 1392 1456 1457
1392 1393 1457 1458
1393 1394 1458 1459
1394 1395 1459 1460
1395 1396 1460 1461
1396 1397 1461 1462
1397 1398 1462 1463
1398 1399 1463 1464
1399 1400 1464 1465
1400 1401 1465 1466
1401 1402 1466 1467
1402 1403 1467 1468
1403 1404 1468 1469
1404 1405 1469 1470
1405 1406 1470 1471
1406 1407 1471 1472
1407 1408 1472 1473
1408 1409 1473 1474
1409 1410 1474 1475
1410 1411 1475 1476
1411 1412 1476 1477
1412 1413 1477 1478
1413 1414 1478 1479
1414 1415 1479 1480
1415 1416 1480 1481
1416 1417 1481 1482
1417 1418 1482 1483
1418 1419 1483 1484
1419 1420 1484 1485
1420 1421 1485 1486
1421 1422 1486 1487
1422 1423 1487 1488
1423 1424 1488 1489
1424 1425 1489 1490
1425 1426 1490 1491
1426 1427 1491 1492
1427 1428 1492 1493
1428 1429 1493 1494
1430 1431 1495 1496
1431 1432 1496 1497
1432 1433 1497 1498
1433 1434 1498 1499
1434 1435 1499 1500
1435 1436 1500 1501
1436 1437 1501 1502
1437 1438 1502 1503
1438 1439 1503 1504
1439 1440 1504 1505
1440 1441 1505 1506
1441 1442 1506 1507
1442 1443 1507 1508
1443 1444 1508 1509
1444 1445 1509 1510
1445 1446 1510 1511
1446 1447 1511 1512
1447 1448 1512 1513
1448 1449 1513 1514
1449 1450 1514 1515
1450 1451 1515 1516
1451 1452 1516 1517
1452 1453 1517 1518
1453 1454 1518 1519
1454 1455 1519 1520
1455 1456 1520 1521
1456 1457 1521 1522
1457 1458 1522 1523
1458 1459 1523 1524
1459 1460 1524 1525
1460 1461 1525 1526
1461 1462 1526 1527
1462 1463 1527 1528
1463 1464 1528 1529
1464 1465 1529 1530
1465 1466 1530 1531
1466 1467 1531 1532
1467 1468 1532 1533
1468 1469 1533 1534
1469 1470 1534 1535
1470 1471 1535 1536
1471 1472 1536 1537
1472 1473 1537 1538
1473 1474 1538 1539
1474 1475 1539 1540
1475 1476 1540 1541
1476 1477 1541 1542
1477 1478 1542 1543
1478 1479 1543 1544
1479 1480 1544 1545
1480 1481 1545 1546
1481 1482 1546 1547
1482 1483 1547 1548
1483 1484 1548 1549
1484 1485 1549 1550
1485 1486 1550 1551
1486 1487 1551 1552
1487 1488 1552 1553
1488 1489 1553 1554
1489 1490 1554 1555
1490 1491 1555 1556
1491 1492 1556 1557
1492 1493 1557 1558
1493 1494 1558 1559
1495 1496 1560 1561
1496 1497 1561 1562
1497 1498 1562 1563
1498 1499 1563 1564
1499 1500 1564 1565
1500 1501 1565 1566
1501 1502 1566 1567
1502 1503 1567 1568
1503 1504 1568 1569
1504 1505 1569 1570
1505 1506 1570 1571
1506 1507 1571 1572
1507 1508 1572 1573
1508 1509 1573 1574
1509 1510 1574 1575
1510 1511 1575 1576
1511 1512 1576 1577
1512 1513 1577 1578
1513 1514 1578 1579
1514 1515 1579 1580
1515 1516 1580 1581
1516 1517 1581 1582
1517 1518 1582 1583
1518 1519 1583 1584
1519 1520 1584 1585
1520 1521 1585 1586
1521 1522 1586 1587
1522 1523 1587 1588
1523 1524 1588 1589
1524 1525 1589 1590
1525 1526 1590 1591
1526 1527 1591 1592
1527 1528 1592 1593
1528 1529 1593 1594
1529 1530 1594 1595
1530 1531 1595 1596
1531 1532 1596 1597
1532 1533 1597 1598
1533 1534 1598 1599
1534 1535 1599 1600
1535 1536 1600 1601
1536 1537 1601 1602
1537 1538 1602 1603
1538 1539 1603 1604
1539 1540 1604 1605
1540 1541 1605 1606
1541 1542 1606 1607
1542 1543 1607 1608
1543 1544 1608 1609
1544 1545 1609 1610
1545 1546 1610 1611
1546 1547 1611 1612
1547 1548 1612 1613
1548 1549 1613 1614
1549 1550 1614 1615
1550 1551 1615 1616
1551 1552 1616 1617
1552 1553 1617 1618
1553 1554 1618 1619
1554 1555 1619 1620
1555 1556 1620 1621
1556 1557 1621 1622
1557 1558 1622 1623
1558 1559 1623 1624
1560 1561 1625 1626
1561 1562 1626 1627
1562 1563 1627 1628
1563 1564 1628 1629
1564 1565 1629 1630
1565 1566 1630 1631
1566 1567 1631 1632
1567 1568 1632 1633
1568 1569 1633 1634
1569 1570 1634 1635
1570 1571 1635 1636
1571 1572 1636 1637
1572 1573 1637 1638
1573 1574 1638 1639
1574 1575 1639 1640
1575 1576 1640 1641
1576 1577 1641 1642
1577 1578 1642 1643
1578 1579 1643 1644
1579 1580 1644 1645
1580 1581 1645 1646
1581 1582 1646 1647
1582 1583 1647 1648
1583 1584 1648 1649
1584 1585 1649 1650
1585 1586 1650 1651
1586 1587 1651 1652
1587 1588 1652 1653
1588 1589 1653 1654
1589 1590 1654 1655
1590 1591 1655 1656
1591 1592 1656 1657
1592 1593 1657 1658
1593 1594 1658 1659
1594 1595 1659 1660
1595 1596 1660 1661
1596 1597 1661 1662
1597 1598 1662 1663
1598 1599 1663 1664
1599 1600 1664 1665
1600 1601 1665 1666
1601 1602 1666 1667
1602 1603 1667 1668
1603 1604 1668 1669
1604 1605 1669 1670
1605 1606 1670 1671
1606 1607 1671 1672
1607 1608 1672 1673
1608 1609 1673 1674
1609 1610 1674 1675
1610 1611 1675 1676
1611 1612 1676 1677
1612 1613 1677 1678
1613 1614 1678 1679
1614 1615 1679 1680
1615 1616 1680 1681
1616 1617 1681 1682
1617 1618 1682 1683
1618 1619 1683 1684
1619 1620 1684 1685
1620 1621 1685 1686
1621 1622 1686 1687
1622 1623 1687 1688
1623 1624 1688 1689
1625 1626 1690 1691
1626 1627 1691 1692
1627 1628 1692 1693
1628 1629 1693 1694
1629 1630 1694 1695
1630 1631 1695 1696
1631 1632 1696 1697
1632 1633 1697 1698
1633 1634 1698 1699
1634 1635 1699 1700
1635 1636 1700 1701
1636 1637 1701 1702
1637 1638 1702 1703
1638 1639 1703 1704
1639 1640 1704 1705
1640 1641 1705 1706
1641 1642 1706 1707
1642 1643 1707 1708
1643 1644 1708 1709
1644 1645 1709 1710
1645 1646 1710 1711
1646 1647 1711 1712
1647 1648 1712 1713
1648 1649 1713 1714
1649 1650 1714 1715
1650 1651 1715 1716
1651 1652 1716 1717
1652 1653 1717 1718
1653 1654 1718 1719
1654 1655 1719 1720
1655 1656 1720 1721
1656 1657 1721 1722
1657 1658 1722 1723
1658 1659 1723 1724
1659 1660 1724 1725
1660 1661 1725 1726
1661 1662 1726 1727
1662 1663 1727 1728
1663 1664 1728 1729
1664 1665 1729 1730
1665 1666 1730 1731
1666 1667 1731 1732
1667 1668 1732 1733
1668 1669 1733 1734
1669 1670 1734 1735
1670 1671 1735 1736
1671 1672 1736 1737
1672 1673 1737 1738
1673 1674 1738 1739
1674 1675 1739 1740
1675 1676 1740 1741
1676 1677 1741 1742
1677 1678 1742 1743
1678 1679 1743 1744
1679 1680 1744 1745
1680 1681 1745 1746
1681 1682 1746 1747
1682 1683 1747 1748
1683 1684 1748 1749
1684 1685 1749 1750
1685 1686 1750 1751
1686 1687 1751 1752
1687 1688 1752 1753
1688 1689 1753 1754
1690 1691 1755 1756
1691 1692 1756 1757
1692 1693 1757 1758
1693 1694 1758 1759
1694 1695 1759 1760
1695 1696 1760 1761
1696 1697 1761 1762
1697 1698 1762 1763
1698 1699 1763 1764
1699 1700 1764 1765
1700 1701 1765 1766
1701 1702 1766 1767
1702 1703 1767 1768
1703 1704 1768 1769
1704 1705 1769 1770
1705 1706 1770 1771
1706 1707 1771 1772
1707 1708 1772 1773
1708 1709 1773 1774
1709 1710 1774 1775
1710 1711 1775 1776
1711 1712 1776 1777
1712 1713 1777 1778
1713 1714 1778 1779
1714 1715 1779 1780
1715 1716 1780 1781
1716 1717 1781 1782
1717 1718 1782 1783
1718 1719 1783 1784
1719 1720 1784 1785
1720 1721 1785 1786
1721 1722 1786 1787
1722 1723 1787 1788
1723 1724 1788 1789
1724 1725 1789 1790
1725 1726 1790 1791
1726 1727 1791 1792
1727 1728 1792 1793
1728 1729 1793 1794
1729 1730 1794 1795
1730 1731 1795 1796
1731 1732 1796 1797
1732 1733 1797 1798
1733 1734 1798 1799
1734 1735 1799 1800
1735 1736 1800 1801
1736 1737 1801 1802
1737 1738 1802 1803
1738 1739 1803 1804
1739 1740 1804 1805
1740 1741 1805 1806
1741 1742 1806 1807
1742 1743 1807 1808
1743 1744 1808 1809
1744 1745 1809 1810
1745 1746 1810 1811
1746 1747 1811 1812
1747 1748 1812 1813
1748 1749 1813 1814
1749 1750 1814 1815
1750 1751 1815 1816
1751 1752 1816 1817
1752 1753 1817 1818
1753 1754 1818 1819
1755 1756 1820 1821
1756 1757 1821 1822
1757 1758 1822 1823
1758 1759 1823 1824
1759 1760 1824 1825
1760 1761 1825 1826
1761 1762 1826 1827
1762 1763 1827 1828
1763 1764 1828 1829
1764 1765 1829 1830
1765 1766 1830 1831
1766 1767 1831 1832
1767 1768 1832 1833
1768 1769 1833 1834
1769 1770 1834 1835
1770 1771 1835 1836
1771 1772 1836 1837
1772 1773 1837 1838
1773 1774 1838 1839
1774 1775 1839 1840
1775 1776 1840 1841
1776 1777 1841 1842
1777 1778 1842 1843
1778 1779 1843 1844
1779 1780 1844 1845
1780 1781 1845 1846
1781 1782 1846 1847
1782 1783 1847 1848
1783 1784 1848 1849
1784 1785 1849 1850
1785 1786 1850 1851
1786 1787 1851 1852
1787 1788 1852 1853
1788 1789 1853 1854
1789 1790 1854 1855
1790 1791 1855 1856
1791 1792 1856 1857
1792 1793 1857 1858
1793 1794 1858 1859
1794 1795 1859 1860
1795 1796 1860 1861
1796 1797 1861 1862
1797 1798 1862 1863
1798 1799 1863 1864
1799 1800 1864 1865
1800 1801 1865 1866
1801 1802 1866 1867
1802 1803 1867 1868
1803 1804 1868 1869
1804 1805 1869 1870
1805 1806 1870 1871
1806 1807 1871 1872
1807 1808 1872 1873
1808 1809 1873 1874
1809 1810 1874 1875
1810 1811 1875 1876
1811 1812 1876 1877
1812 1813 1877 1878
1813 1814 1878 1879
1814 1815 1879 1880
1815 1816 1880 1881
1816 1817 1881 1882
1817 1818 1882 1883
1818 1819 1883 1884
1820 1821 1885 1886
1821 1822 1886 1887
1822 1823 1887 1888
1823 1824 1888 1889
1824 1825 1889 1890
1825 1826 1890 1891
1826 1827 1891 1892
1827 1828 1892 1893
1828 1829 1893 1894
1829 1830 1894 1895
1830 1831 1895 1896
1831 1832 1896 1897
1832 1833 1897 1898
1833 1834 1898 1899
1834 1835 1899 1900
1835 1836 1900 1901
1836 1837 1901 1902
1837 1838 1902 1903
1838 1839 1903 1904
1839 1840 1904 1905
1840 1841 1905 1906
1841 1842 1906 1907
1842 1843 1907 1908
1843 1844 1908 1909
1844 1845 1909 1910
1845 1846 1910 1911
1846 1847 1911 1912
1847 1848 1912 1913
1848 1849 1913 1914
1849 1850 1914 1915
1850 1851 1915 1916
1851 1852 1916 1917
1852 1853 1917 1918
1853 1854 1918 1919
1854 1855 1919 1920
1855 1856 1920 1921
1856 1857 1921 1922
1857 1858 1922 1923
1858 1859 1923 1924
1859 1860 1924 1925
1860 1861 1925 1926
1861 1862 1926 1927
1862 1863 1927 1928
1863 1864 1928 1929
1864 1865 1929 1930
1865 1866 1930 1931
1866 1867 1931 1932
1867 1868 1932 1933
1868 1869 1933 1934
1869 1870 1934 1935
1870 1871 1935 1936
1871 1872 1936 1937
1872 1873 1937 1938
1873 1874 1938 1939
1874 1875 1939 1940
1875 1876 1940 1941
1876 1877 1941 1942
1877 1878 1942 1943
1878 1879 1943 1944
1879 1880 1944 1945
1880 1881 1945 1946
1881 1882 1946 1947
1882 1883 1947 1948
1883 1884 1948 1949
1885 1886 1950 1951
1886 1887 1951 1952
1887 1888 1952 1953
1888 1889 1953 1954
1889 1890 1954 1955
1890 1891 1955 1956
1891 1892 1956 1957
1892 1893 1957 1958
1893 1894 1958 1959
1894 1895 1959 1960
1895 1896 1960 1961
1896 1897 1961 1962
1897 1898 1962 1963
1898 1899 1963 1964
1899 1900 1964 1965
1900 1901 1965 1966
1901 1902 1966 1967
1902 1903 1967 1968
1903 1904 1968 1969
1904 1905 1969 1970
1905 1906 1970 1971
1906 1907 1971 1972
1907 1908 1972 1973
1908 1909 1973 1974
1909 1910 1974 1975
1910 1911 1975 1976
1911 1912 1976 1977
1912 1913 1977 1978
1913 1914 1978 1979
1914 1915 1979 1980
1915 1916 1980 1981
1916 1917 1981 1982
1917 1918 1982 1983
1918 1919 1983 1984
1919 1920 1984 1985
1920 1921 1985 1986
1921 1922 1986 1987
1922 1923 1987 1988
1923 1924 1988 1989
1924 1925 1989 1990
1925 1926 1990 1991
1926 1927 1991 1992
1927 1928 1992 1993
1928 1929 1993 1994
1929 1930 1994 1995
1930 1931 1995 1996
1931 1932 1996 1997
1932 1933 1997 1998
1933 1934 1998 1999
1934 1935 1999 2000
1935 1936 2000 2001
1936 1937 2001 2002
1937 1938 2002 2003
1938 1939 2003 2004
1939 1940 2004 2005
1940 1941 2005 2006
1941 1942 2006 2007
1942 1943 2007 2008
1943 1944 2008 2009
1944 1945 2009 2010
1945 1946 2010 2011
1946 1947 2011 2012
1947 1948 2012 2013
1948 1949 2013 2014
1950 1951 2015 2016
1951 1952 2016 2017
1952 1953 2017 2018
1953 1954 2018 2019
1954 1955 2019 2020
1955 1956 2020 2021
1956 1957 2021 2022
1957 1958 2022 2023
1958 1959 2023 2024
1959 1960 2024 2025
1960 1961 2025 2026
1961 1962 2026 2027
1962 1963 2027 2028
1963 1964 2028 2029
1964 1965 2029 2030
1965 1966 2030 2031
1966 1967 2031 2032
1967 1968 2032 2033
1968 1969 2033 2034
1969 1970 2034 2035
1970 1971 2035 2036
1971 1972 2036 2037
1972 1973 2037 2038
1973 1974 2038 2039
1974 1975 2039 2040
1975 1976 2040 2041
1976 1977 2041 2042
1977 1978 2042 2043
1978 1979 2043 2044
1979 1980 2044 2045
1980 1981 2045 2046
1981 1982 2046 2047
1982 1983 2047 2048
1983 1984 2048 2049
1984 1985 2049 2050
1985 1986 2050 2051
1986 1987 2051 2052
1987 1988 2052 2053
1988 1989 2053 2054
1989 1990 2054 2055
1990 1991 2055 2056
1991 1992 2056 2057
1992 1993 2057 2058
1993 1994 2058 2059
1994 1995 2059 2060
1995 1996 2060 2061
1996 1997 2061 2062
1997 1998 2062 2063
1998 1999 2063 2064
1999 2000 2064 2065
2000 2001 2065 2066
2001 2002 2066 2067
2002 2003 2067 2068
2003 2004 2068 2069
2004 2005 2069 2070
2005 2006 2070 2071
2006 2007 2071 2072
2007 2008 2072 2073
2008 2009 2073 2074
2009 2010 2074 2075
2010 2011 2075 2076
2011 2012 2076 2077
2012 2013 2077 2078
2013 2014 2078 2079
2015 2016 2080 2081
2016 2017 2081 2082
2017 2018 2082 2083
2018 2019 2083 2084
2019 2020 2084 2085
2020 2021 2085 2086
2021 2022 2086 2087
2022 2023 2087 2088
2023 2024 2088 2089
2024 2025 2089 2090
2025 2026 2090 2091
2026 2027 2091 2092
2027 2028 2092 2093
2028 2029 2093 2094
2029 2030 2094 2095
2030 2031 2095 2096
2031 2032 2096 2097
2032 2033 2097 2098
2033 2034 2098 2099
2034 2035 2099 2100
2035 2036 2100 2101
2036 2037 2101 2102
2037 2038 2102 2103
2038 2039 2103 2104
2039 2040 2104 2105
2040 2041 2105 2106
2041 2042 2106 2107
2042 2043 2107 2108
2043 2044 2108 2109
2044 2045 2109 2110
2045 2046 2110 2111
2046 2047 2111 2112
2047 2048 2112 2113
2048 2049 2113 2114
2049 2050 2114 2115
2050 2051 2115 2116
2051 2052 2116 2117
2052 2053 2117 2118
2053 2054 2118 2119
2054 2055 2119 2120
2055 2056 2120 2121
2056 2057 2121 2122
2057 2058 2122 2123
2058 2059 2123 2124
2059 2060 2124 2125
2060 2061 2125 2126
2061 2062 2126 2127
2062 2063 2127 2128
2063 2064 2128 2129
2064 2065 2129 2130
2065 2066 2130 2131
2066 2067 2131 2132
2067 2068 2132 2133
2068 2069 2133 2134
2069 2070 2134 2135
2070 2071 2135 2136
2071 2072 2136 2137
2072 2073 2137 2138
2073 2074 2138 2139
2074 2075 2139 2140
2075 2076 2140 2141
2076 2077 2141 2142
2077 2078 2142 2143
2078 2079 2143 2144
2080 2081 2145 2146
2081 2082 2146 2147
2082 2083 2147 2148
2083 2084 2148 2149
2084 2085 2149 2150
2085 2086 2150 2151
2086 2087 2151 2152
2087 2088 2152 2153
2088 2089 2153 2154
2089 2090 2154 2155
2090 2091 2155 2156
2091 2092 2156 2157
2092 2093 2157 2158
2093 2094 2158 2159
2094 2095 2159 2160
2095 2096 2160 2161
2096 2097 2161 2162
2097 2098 2162 2163
2098 2099 2163 2164
2099 2100 2164 2165
2100 2101 2165 2166
2101 2102 2166 2167
2102 2103 2167 2168
2103 2104 2168 2169
2104 2105 2169 2170
2105 2106 2170 2171
2106 2107 2171 2172
2107 2108 2172 2173
2108 2109 2173 2174
2109 2110 2174 2175
2110 2111 2175 2176
2111 2112 2176 2177
2112 2113 2177 2178
2113 2114 2178 2179
2114 2115 2179 2180
2115 2116 2180 2181
2116 2117 2181 2182
2117 2118 2182 2183
2118 2119 2183 2184
2119 2120 2184 2185
2120 2121 2185 2186
2121 2122 2186 2187
2122 2123 2187 2188
2123 2124 2188 2189
2124 2125 2189 2190
2125 2126 2190 2191
2126 2127 2191 2192
2127 2128 2192 2193
2128 2129 2193 2194
2129 2130 2194 2195
2130 2131 2195 2196
2131 2132 2196 2197
2132 2133 2197 2198
2133 2134 2198 2199
2134 2135 2199 2200
2135 2136 2200 2201
2136 2137 2201 2202
2137 2138 2202 2203
2138 2139 2203 2204
2139 2140 2204 2205
2140 2141 2205 2206
2141 2142 2206 2207
2142 2143 2207 2208
2143 2144 2208 2209
2145 2146 2210 2211
2146 2147 2211 2212
2147 2148 2212 2213
2148 2149 2213 2214
2149 2150 2214 2215
2150 2151 2215 2216
2151 2152 2216 2217
2152 2153 2217 2218
2153 2154 2218 2219
2154 2155 2219 2220
2155 2156 2220 2221
2156 2157 2221 2222
2157 2158 2222 2223
2158 2159 2223 2224
2159 2160 2224 2225
2160 2161 2225 2226
2161 2162 2226 2227
2162 2163 2227 2228
2163 2164 2228 2229
2164 2165 2229 2230
2165 2166 2230 2231
2166 2167 2231 2232
2167 2168 2232 2233
2168 2169 2233 2234
2169 2170 2234 2235
2170 2171 2235 2236
2171 2172 2236 2237
2172 2173 2237 2238
2173 2174 2238 2239
2174 2175 2239 2240
2175 2176 2240 2241
2176 2177 2241 2242
2177 2178 2242 2243
2178 2179 2243 2244
2179 2180 2244 2245
2180 2181 2245 2246
2181 2182 2246 2247
2182 2183 2247 2248
2183 2184 2248 2249
2184 2185 2249 2250
2185 2186 2250 2251
2186 2187 2251 2252
2187 2188 2252 2253
2188 2189 2253 2254
2189 2190 2254 2255
2190 2191 2255 2256
2191 2192 2256 2257
2192 2193 2257 2258
2193 2194 2258 2259
2194 2195 2259 2260
2195 2196 2260 2261
2196 2197 2261 2262
2197 2198 2262 2263
2198 2199 2263 2264
2199 2200 2264 2265
2200 2201 2265 2266
2201 2202 2266 2267
2202 2203 2267 2268
2203 2204 2268 2269
2204 2205 2269 2270
2205 2206 2270 2271
2206 2207 2271 2272
2207 2208 2272 2273
2208 2209 2273 2274
2210 2211 2275 2276
2211 2212 2276 2277
2212 2213 2277 2278
2213 2214 2278 2279
2214 2215 2279 2280
2215 2216 2280 2281
2216 2217 2281 2282
2217 2218 2282 2283
2218 2219 2283 2284
2219 2220 2284 2285
2220 2221 2285 2286
2221 2222 2286 2287
2222 2223 2287 2288
2223 2224 2288 2289
2224 2225 2289 2290
2225 2226 2290 2291
2226 2227 2291 2292
2227 2228 2292 2293
2228 2229 2293 2294
2229 2230 2294 2295
2230 2231 2295 2296
2231 2232 2296 2297
2232 2233 2297 2298
2233 2234 2298 2299
2234 2235 2299 2300
2235 2236 2300 2301
2236 2237 2301 2302
2237 2238 2302 2303
2238 2239 2303 2304
2239 2240 2304 2305
2240 2241 2305 2306
2241 2242 2306 2307
2242 2243 2307 2308
2243 2244 2308 2309
2244 2245 2309 2310
2245 2246 2310 2311
2246 2247 2311 2312
2247 2248 2312 2313
2248 2249 2313 2314
2249 2250 2314 2315
2250 2251 2315 2316
2251 2252 2316 2317
2252 2253 2317 2318
2253 2254 2318 2319
2254 2255 2319 2320
2255 2256 2320 2321
2256 2257 2321 2322
2257 2258 2322 2323
2258 2259 2323 2324
2259 2260 2324 2325
2260 2261 2325 2326
2261 2262 2326 2327
2262 2263 2327 2328
2263 2264 2328 2329
2264 2265 2329 2330
2265 2266 2330 2331
2266 2267 2331 2332
2267 2268 2332 2333
2268 2269 2333 2334
2269 2270 2334 2335
2270 2271 2335 2336
2271 2272 2336 2337
2272 2273 2337 2338
2273 2274 2338 2339
2275 2276 2340 2341
2276 2277 2341 2342
2277 2278 2342 2343
2278 2279 2343 2344
2279 2280 2344 2345
2280 2281 2345 2346
2281 2282 2346 2347
2282 2283 2347 2348
2283 2284 2348 2349
2284 2285 2349 2350
2285 2286 2350 2351
2286 2287 2351 2352
2287 2288 2352 2353
2288 2289 2353 2354
2289 2290 2354 2355
2290 2291 2355 2356
2291 2292 2356 2357
2292 2293 2357 2358
2293 2294 2358 2359
2294 2295 2359 2360
2295 2296 2360 2361
2296 2297 2361 2362
2297 2298 2362 2363
2298 2299 2363 2364
2299 2300 2364 2365
2300 2301 2365 2366
2301 2302 2366 2367
2302 2303 2367 2368
2303 2304 2368 2369
2304 2305 2369 2370
2305 2306 2370 2371
2306 2307 2371 2372
2307 2308 2372 2373
2308 2309 2373 2374
2309 2310 2374 2375
2310 2311 2375 2376
2311 2312 2376 2377
2312 2313 2377 2378
2313 2314 2378 2379
2314 2315 2379 2380
2315 2316 2380 2381
2316 2317 2381 2382
2317 2318 2382 2383
2318 2319 2383 2384
2319 2320 2384 2385
2320 2321 2385 2386
2321 2322 2386 2387
2322 2323 2387 2388
2323 2324 2388 2389
2324 2325 2389 2390
2325 2326 2390 2391
2326 2327 2391 2392
2327 2328 2392 2393
2328 2329 2393 2394
2329 2330 2394 2395
2330 2331 2395 2396
2331 2332 2396 2397
2332 2333 2397 2398
2333 2334 2398 2399
2334 2335 2399 2400
2335 2336 2400 2401
2336 2337 2401 2402
2337 2338 2402 2403
2338 2339 2403 2404
2340 2341 2405 2406
2341 2342 2406 2407
2342 2343 2407 2408
2343 2344 2408 2409
2344 2345 2409 2410
2345 2346 2410 2411
2346 2347 2411 2412
2347 2348 2412 2413
2348 2349 2413 2414
2349 2350 2414 2415
2350 2351 2415 2416
2351 2352 2416 2417
2352 2353 2417 2418
2353 2354 2418 2419
2354 2355 2419 2420
2355 2356 2420 2421
2356 2357 2421 2422
2357 2358 2422 2423
2358 2359 2423 2424
2359 2360 2424 2425
2360 2361 2425 2426
2361 2362 2426 2427
2362 2363 2427 2428
2363 2364 2428 2429
2364 2365 2429 2430
2365 2366 2430 2431
2366 2367 2431 2432
2367 2368 2432 2433
2368 2369 2433 2434
2369 2370 2434 2435
2370 2371 2435 2436
2371 2372 2436 2437
2372 2373 2437 2438
2373 2374 2438 2439
2374 2375 2439 2440
2375 2376 2440 2441
2376 2377 2441 2442
2377 2378 2442 2443
2378 2379 2443 2444
2379 2380 2444 2445
2380 2381 2445 2446
2381 2382 2446 2447
2382 2383 2447 2448
2383 2384 2448 2449
2384 2385 2449 2450
2385 2386 2450 2451
2386 2387 2451 2452
2387 2388 2452 2453
2388 2389 2453 2454
2389 2390 2454 2455
2390 2391 2455 2456
2391 2392 2456 2457
2392 2393 2457 2458
2393 2394 2458 2459
2394 2395 2459 2460
2395 2396 2460 2461
2396 2397 2461 2462
2397 2398 2462 2463
2398 2399 2463 2464
2399 2400 2464 2465
2400 2401 2465 2466
2401 2402 2466 2467
2402 2403 2467 2468
2403 2404 2468 2469
2405 2406 2470 2471
2406 2407 2471 2472
2407 2408 2472 2473
2408 2409 2473 2474
2409 2410 2474 2475
2410 2411 2475 2476
2411 2412 2476 2477
2412 2413 2477 2478
2413 2414 2478 2479
2414 2415 2479 2480
2415 2416 2480 2481
2416 2417 2481 2482
2417 2418 2482 2483
2418 2419 2483 2484
2419 2420 2484 2485
2420 2421 2485 2486
2421 2422 2486 2487
2422 2423 2487 2488
2423 2424 2488 2489
2424 2425 2489 2490
2425 2426 2490 2491
2426 2427 2491 2492
2427 2428 2492 2493
2428 2429 2493 2494
2429 2430 2494 2495
2430 2431 2495 2496
2431 2432 2496 2497
2432 2433 2497 2498
2433 2434 2498 2499
2434 2435 2499 2500
2435 2436 2500 2501
2436 2437 2501 2502
2437 2438 2502 2503
2438 2439 2503 2504
2439 2440 2504 2505
2440 2441 2505 2506
2441 2442 2506 2507
2442 2443 2507 2508
2443 2444 2508 2509
2444 2445 2509 2510
2445 2446 2510 2511
2446 2447 2511 2512
2447 2448 2512 2513
2448 2449 2513 2514
2449 2450 2514 2515
2450 2451 2515 2516
2451 2452 2516 2517
2452 2453 2517 2518
2453 2454 2518 2519
2454 2455 2519 2520
2455 2456 2520 2521
2456 2457 2521 2522
2457 2458 2522 2523
2458 2459 2523 2524
2459 2460 2524 2525
2460 2461 2525 2526
2461 2462 2526 2527
2462 2463 2527 2528
2463 2464 2528 2529
2464 2465 2529 2530
2465 2466 2530 2531
2466 2467 2531 2532
2467 2468 2532 2533
2468 2469 2533 2534
2470 2471 2535 2536
2471 2472 2536 2537
2472 2473 2537 2538
2473 2474 2538 2539
2474 2475 2539 2540
2475 2476 2540 2541
2476 2477 2541 2542
2477 2478 2542 2543
2478 2479 2543 2544
2479 2480 2544 2545
2480 2481 2545 2546
2481 2482 2546 2547
2482 2483 2547 2548
2483 2484 2548 2549
2484 2485 2549 2550
2485 2486 2550 2551
2486 2487 2551 2552
2487 2488 2552 2553
2488 2489 2553 2554
2489 2490 2554 2555
2490 2491 2555 2556
2491 2492 2556 2557
2492 2493 2557 2558
2493 2494 2558 2559
2494 2495 2559 2560
2495 2496 2560 2561
2496 2497 2561 2562
2497 2498 2562 2563
2498 2499 2563 2564
2499 2500 2564 2565
2500 2501 2565 2566
2501 2502 2566 2567
2502 2503 2567 2568
2503 2504 2568 2569
2504 2505 2569 2570
2505 2506 2570 2571
2506 2507 2571 2572
2507 2508 2572 2573
2508 2509 2573 2574
2509 2510 2574 2575
2510 2511 2575 2576
2511 2512 2576 2577
2512 2513 2577 2578
2513 2514 2578 2579
2514 2515 2579 2580
2515 2516 2580 2581
2516 2517 2581 2582
2517 2518 2582 2583
2518 2519 2583 2584
2519 2520 2584 2585
2520 2521 2585 2586
2521 2522 2586 2587
2522 2523 2587 2588
2523 2524 2588 2589
2524 2525 2589 2590
2525 2526 2590 2591
2526 2527 2591 2592
2527 2528 2592 2593
2528 2529 2593 2594
2529 2530 2594 2595
2530 2531 2595 2596
2531 2532 2596 2597
2532 2533 2597 2598
2533 2534 2598 2599
2535 2536 2600 2601
2536 2537 2601 2602
2537 2538 2602 2603
2538 2539 2603 2604
2539 2540 2604 2605
2540 2541 2605 2606
2541 2542 2606 2607
2542 2543 2607 2608
2543 2544 2608 2609
2544 2545 2609 2610
2545 2546 2610 2611
2546 2547 2611 2612
2547 2548 2612 2613
2548 2549 2613 2614
2549 2550 2614 2615
2550 2551 2615 2616
2551 2552 2616 2617
2552 2553 2617 2618
2553 2554 2618 2619
2554 2555 2619 2620
2555 2556 2620 2621
2556 2557 2621 2622
2557 2558 2622 2623
2558 2559 2623 2624
2559 2560 2624 2625
2560 2561 2625 2626
2561 2562 2626 2627
2562 2563 2627 2628
2563 2564 2628 2629
2564 2565 2629 2630
2565 2566 2630 2631
2566 2567 2631 2632
2567 2568 2632 2633
2568 2569 2633 2634
2569 2570 2634 2635
2570 2571 2635 2636
2571 2572 2636 2637
2572 2573 2637 2638
2573 2574 2638 2639
2574 2575 2639 2640
2575 2576 2640 2641
2576 2577 2641 2642
2577 2578 2642 2643
2578 2579 2643 2644
2579 2580 2644 2645
2580 2581 2645 2646
2581 2582 2646 2647
2582 2583 2647 2648
2583 2584 2648 2649
2584 2585 2649 2650
2585 2586 2650 2651
2586 2587 2651 2652
2587 2588 2652 2653
2588 2589 2653 2654
2589 2590 2654 2655
2590 2591 2655 2656
2591 2592 2656 2657
2592 2593 2657 2658
2593 2594 2658 2659
2594 2595 2659 2660
2595 2596 2660 2661
2596 2597 2661 2662
2597 2598 2662 2663
2598 2599 2663 2664
2600 2601 2665 2666
2601 2602 2666 2667
2602 2603 2667 2668
2603 2604 2668 2669
2604 2605 2669 2670
2605 2606 2670 2671
2606 2607 2671 2672
2607 2608 2672 2673
2608 2609 2673 2674
2609 2610 2674 2675
2610 2611 2675 2676
2611 2612 2676 2677
2612 2613 2677 2678
2613 2614 2678 2679
2614 2615 2679 2680
2615 2616 2680 2681
2616 2617 2681 2682
2617 2618 2682 2683
2618 2619 2683 2684
2619 2620 2684 2685
2620 2621 2685 2686
2621 2622 2686 2687
2622 2623 2687 2688
2623 2624 2688 2689
2624 2625 2689 2690
2625 2626 2690 2691
2626 2627 2691 2692
2627 2628 2692 2693
2628 2629 2693 2694
2629 2630 2694 2695
2630 2631 2695 2696
2631 2632 2696 2697
2632 2633 2697 2698
2633 2634 2698 2699
2634 2635 2699 2700
2635 2636 2700 2701
2636 2637 2701 2702
2637 2638 2702 2703
2638 2639 2703 2704
2639 2640 2704 2705
2640 2641 2705 2706
2641 2642 2706 2707
2642 2643 2707 2708
2643 2644 2708 2709
2644 2645 2709 2710
2645 2646 2710 2711
2646 2647 2711 2712
2647 2648 2712 2713
2648 2649 2713 2714
2649 2650 2714 2715
2650 2651 2715 2716
2651 2652 2716 2717
2652 2653 2717 2718
2653 2654 2718 2719
2654 2655 2719 2720
2655 2656 2720 2721
2656 2657 2721 2722
2657 2658 2722 2723
2658 2659 2723 2724
2659 2660 2724 2725
2660 2661 2725 2726
2661 2662 2726 2727
2662 2663 2727 2728
2663 2664 2728 2729
2665 2666 2730 2731
2666 2667 2731 2732
2667 2668 2732 2733
2668 2669 2733 2734
2669 2670 2734 2735
2670 2671 2735 2736
2671 2672 2736 2737
2672 2673 2737 2738
2673 2674 2738 2739
2674 2675 2739 2740
2675 2676 2740 2741
2676 2677 2741 2742
2677 2678 2742 2743
2678 2679 2743 2744
2679 2680 2744 2745
2680 2681 2745 2746
2681 2682 2746 2747
2682 2683 2747 2748
2683 2684 2748 2749
2684 2685 2749 2750
2685 2686 2750 2751
2686 2687 2751 2752
2687 2688 2752 2753
2688 2689 2753 2754
2689 2690 2754 2755
2690 2691 2755 2756
2691 2692 2756 2757
2692 2693 2757 2758
2693 2694 2758 2759
2694 2695 2759 2760
2695 2696 2760 2761
2696 2697 2761 2762
2697 2698 2762 2763
2698 2699 2763 2764
2699 2700 2764 2765
2700 2701 2765 2766
2701 2702 2766 2767
2702 2703 2767 2768
2703 2704 2768 2769
2704 2705 2769 2770
2705 2706 2770 2771
2706 2707 2771 2772
2707 2708 2772 2773
2708 2709 2773 2774
2709 2710 2774 2775
2710 2711 2775 2776
2711 2712 2776 2777
2712 2713 2777 2778
2713 2714 2778 2779
2714 2715 2779 2780
2715 2716 2780 2781
2716 2717 2781 2782
2717 2718 2782 2783
2718 2719 2783 2784
2719 2720 2784 2785
2720 2721 2785 2786
2721 2722 2786 2787
2722 2723 2787 2788
2723 2724 2788 2789
2724 2725 2789 2790
2725 2726 2790 2791
2726 2727 2791 2792
2727 2728 2792 2793
2728 2729 2793 2794
