-1.000000000000000e-01 0.000000000000000e+00
-7.715120000000000e-02 0.000000000000000e+00
-5.957519999999999e-02 0.000000000000000e+00
-4.605519999999999e-02 0.000000000000000e+00
-4.000000000000000e-02 0.000000000000000e+00
-3.308800000000000e-02 0.000000000000000e+00
-2.732800000000000e-02 0.000000000000000e+00
-2.500000000000000e-02 0.000000000000000e+00
-2.350000000000000e-02 0.000000000000000e+00
-2.200000000000000e-02 0.000000000000000e+00
-2.150000000000000e-02 0.000000000000000e+00
-2.000000000000000e-02 0.000000000000000e+00
-1.850000000000000e-02 0.000000000000000e+00
-1.699999999999999e-02 0.000000000000000e+00
-1.549999999999999e-02 0.000000000000000e+00
-1.400000000000000e-02 0.000000000000000e+00
-1.350000000000000e-02 0.000000000000000e+00
-1.200000000000000e-02 0.000000000000000e+00
-1.050000000000000e-02 0.000000000000000e+00
-1.000000000000000e-02 0.000000000000000e+00
-9.000000000000001e-03 0.000000000000000e+00
-8.000000000000000e-03 0.000000000000000e+00
-7.000000000000000e-03 0.000000000000000e+00
-6.000000000000000e-03 0.000000000000000e+00
-5.000000000000000e-03 0.000000000000000e+00
-4.000000000000000e-03 0.000000000000000e+00
-3.000000000000000e-03 0.000000000000000e+00
-2.000000000000000e-03 0.000000000000000e+00
-1.000000000000000e-03 0.000000000000000e+00
0.000000000000000e+00 0.000000000000000e+00
1.000000000000000e-03 0.000000000000000e+00
2.000000000000000e-03 0.000000000000000e+00
3.000000000000000e-03 0.000000000000000e+00
4.000000000000000e-03 0.000000000000000e+00
5.000000000000000e-03 0.000000000000000e+00
6.000000000000000e-03 0.000000000000000e+00
7.000000000000000e-03 0.000000000000000e+00
8.000000000000000e-03 0.000000000000000e+00
9.000000000000001e-03 0.000000000000000e+00
1.000000000000000e-02 0.000000000000000e+00
1.150000000000000e-02 0.000000000000000e+00
1.300000000000000e-02 0.000000000000000e+00
1.350000000000000e-02 0.000000000000000e+00
1.500000000000000e-02 0.000000000000000e+00
1.650000000000000e-02 0.000000000000000e+00
1.800000000000000e-02 0.000000000000000e+00
1.950000000000000e-02 0.000000000000000e+00
2.100000000000000e-02 0.000000000000000e+00
2.150000000000000e-02 0.000000000000000e+00
2.300000000000000e-02 0.000000000000000e+00
2.450000000000000e-02 0.000000000000000e+00
2.500000000000000e-02 0.000000000000000e+00
2.900000000000000e-02 0.000000000000000e+00
3.380000000000000e-02 0.000000000000000e+00
3.956000000000000e-02 0.000000000000000e+00
4.000000000000000e-02 0.000000000000000e+00
4.800000000000000e-02 0.000000000000000e+00
5.840000000000000e-02 0.000000000000000e+00
7.192000000000000e-02 0.000000000000000e+00
8.949599999999999e-02 0.000000000000000e+00
1.000000000000000e-01 0.000000000000000e+00
-1.000000000000000e-01 1.000000000000000e-03
-7.715120000000000e-02 1.000000000000000e-03
-5.957519999999999e-02 1.000000000000000e-03
-4.605519999999999e-02 1.000000000000000e-03
-4.000000000000000e-02 1.000000000000000e-03
-3.308800000000000e-02 1.000000000000000e-03
-2.732800000000000e-02 1.000000000000000e-03
-2.500000000000000e-02 1.000000000000000e-03
-2.350000000000000e-02 1.000000000000000e-03
-2.200000000000000e-02 1.000000000000000e-03
-2.150000000000000e-02 1.000000000000000e-03
-2.000000000000000e-02 1.000000000000000e-03
-1.850000000000000e-02 1.000000000000000e-03
-1.699999999999999e-02 1.000000000000000e-03
-1.549999999999999e-02 1.000000000000000e-03
-1.400000000000000e-02 1.000000000000000e-03
-1.350000000000000e-02 1.000000000000000e-03
-1.200000000000000e-02 1.000000000000000e-03
-1.050000000000000e-02 1.000000000000000e-03
-1.000000000000000e-02 1.000000000000000e-03
-9.000000000000001e-03 1.000000000000000e-03
-8.000000000000000e-03 1.000000000000000e-03
-7.000000000000000e-03 1.000000000000000e-03
-6.000000000000000e-03 1.000000000000000e-03
-5.000000000000000e-03 1.000000000000000e-03
-4.000000000000000e-03 1.000000000000000e-03
-3.000000000000000e-03 1.000000000000000e-03
-2.000000000000000e-03 1.000000000000000e-03
-1.000000000000000e-03 1.000000000000000e-03
0.000000000000000e+00 1.000000000000000e-03
1.000000000000000e-03 1.000000000000000e-03
2.000000000000000e-03 1.000000000000000e-03
3.000000000000000e-03 1.000000000000000e-03
4.000000000000000e-03 1.000000000000000e-03
5.000000000000000e-03 1.000000000000000e-03
6.000000000000000e-03 1.000000000000000e-03
7.000000000000000e-03 1.000000000000000e-03
8.000000000000000e-03 1.000000000000000e-03
9.000000000000001e-03 1.000000000000000e-03
1.000000000000000e-02 1.000000000000000e-03
1.150000000000000e-02 1.000000000000000e-03
1.300000000000000e-02 1.000000000000000e-03
1.350000000000000e-02 1.000000000000000e-03
1.500000000000000e-02 1.000000000000000e-03
1.650000000000000e-02 1.000000000000000e-03
1.800000000000000e-02 1.000000000000000e-03
1.950000000000000e-02 1.000000000000000e-03
2.100000000000000e-02 1.000000000000000e-03
2.150000000000000e-02 1.000000000000000e-03
2.300000000000000e-02 1.000000000000000e-03
2.450000000000000e-02 1.000000000000000e-03
2.500000000000000e-02 1.000000000000000e-03
2.900000000000000e-02 1.000000000000000e-03
3.380000000000000e-02 1.000000000000000e-03
3.956000000000000e-02 1.000000000000000e-03
4.000000000000000e-02 1.000000000000000e-03
4.800000000000000e-02 1.000000000000000e-03
5.840000000000000e-02 1.000000000000000e-03
7.192000000000000e-02 1.000000000000000e-03
8.949599999999999e-02 1.000000000000000e-03
1.000000000000000e-01 1.000000000000000e-03
-1.000000000000000e-01 2.000000000000000e-03
-7.715120000000000e-02 2.000000000000000e-03
-5.957519999999999e-02 2.000000000000000e-03
-4.605519999999999e-02 2.000000000000000e-03
-4.000000000000000e-02 2.000000000000000e-03
-3.308800000000000e-02 2.000000000000000e-03
-2.732800000000000e-02 2.000000000000000e-03
-2.500000000000000e-02 2.000000000000000e-03
-2.350000000000000e-02 2.000000000000000e-03
-2.200000000000000e-02 2.000000000000000e-03
-2.150000000000000e-02 2.000000000000000e-03
-2.000000000000000e-02 2.000000000000000e-03
-1.850000000000000e-02 2.000000000000000e-03
-1.699999999999999e-02 2.000000000000000e-03
-1.549999999999999e-02 2.000000000000000e-03
-1.400000000000000e-02 2.000000000000000e-03
-1.350000000000000e-02 2.000000000000000e-03
-1.200000000000000e-02 2.000000000000000e-03
-1.050000000000000e-02 2.000000000000000e-03
-1.000000000000000e-02 2.000000000000000e-03
-9.000000000000001e-03 2.000000000000000e-03
-8.000000000000000e-03 2.000000000000000e-03
-7.000000000000000e-03 2.000000000000000e-03
-6.000000000000000e-03 2.000000000000000e-03
-5.000000000000000e-03 2.000000000000000e-03
-4.000000000000000e-03 2.000000000000000e-03
-3.000000000000000e-03 2.000000000000000e-03
-2.000000000000000e-03 2.000000000000000e-03
-1.000000000000000e-03 2.000000000000000e-03
0.000000000000000e+00 2.000000000000000e-03
1.000000000000000e-03 2.000000000000000e-03
2.000000000000000e-03 2.000000000000000e-03
3.000000000000000e-03 2.000000000000000e-03
4.000000000000000e-03 2.000000000000000e-03
5.000000000000000e-03 2.000000000000000e-03
6.000000000000000e-03 2.000000000000000e-03
7.000000000000000e-03 2.000000000000000e-03
8.000000000000000e-03 2.000000000000000e-03
9.000000000000001e-03 2.000000000000000e-03
1.000000000000000e-02 2.000000000000000e-03
1.150000000000000e-02 2.000000000000000e-03
1.300000000000000e-02 2.000000000000000e-03
1.350000000000000e-02 2.000000000000000e-03
1.500000000000000e-02 2.000000000000000e-03
1.650000000000000e-02 2.000000000000000e-03
1.800000000000000e-02 2.000000000000000e-03
1.950000000000000e-02 2.000000000000000e-03
2.100000000000000e-02 2.000000000000000e-03
2.150000000000000e-02 2.000000000000000e-03
2.300000000000000e-02 2.000000000000000e-03
2.450000000000000e-02 2.000000000000000e-03
2.500000000000000e-02 2.000000000000000e-03
2.900000000000000e-02 2.000000000000000e-03
3.380000000000000e-02 2.000000000000000e-03
3.956000000000000e-02 2.000000000000000e-03
4.000000000000000e-02 2.000000000000000e-03
4.800000000000000e-02 2.000000000000000e-03
5.840000000000000e-02 2.000000000000000e-03
7.192000000000000e-02 2.000000000000000e-03
8.949599999999999e-02 2.000000000000000e-03
1.000000000000000e-01 2.000000000000000e-03
-1.000000000000000e-01 3.000000000000000e-03
-7.715120000000000e-02 3.000000000000000e-03
-5.957519999999999e-02 3.000000000000000e-03
-4.605519999999999e-02 3.000000000000000e-03
-4.000000000000000e-02 3.000000000000000e-03
-3.308800000000000e-02 3.000000000000000e-03
-2.732800000000000e-02 3.000000000000000e-03
-2.500000000000000e-02 3.000000000000000e-03
-2.350000000000000e-02 3.000000000000000e-03
-2.200000000000000e-02 3.000000000000000e-03
-2.150000000000000e-02 3.000000000000000e-03
-2.000000000000000e-02 3.000000000000000e-03
-1.850000000000000e-02 3.000000000000000e-03
-1.699999999999999e-02 3.000000000000000e-03
-1.549999999999999e-02 3.000000000000000e-03
-1.400000000000000e-02 3.000000000000000e-03
-1.350000000000000e-02 3.000000000000000e-03
-1.200000000000000e-02 3.000000000000000e-03
-1.050000000000000e-02 3.000000000000000e-03
-1.000000000000000e-02 3.000000000000000e-03
-9.000000000000001e-03 3.000000000000000e-03
-8.000000000000000e-03 3.000000000000000e-03
-7.000000000000000e-03 3.000000000000000e-03
-6.000000000000000e-03 3.000000000000000e-03
-5.000000000000000e-03 3.000000000000000e-03
-4.000000000000000e-03 3.000000000000000e-03
-3.000000000000000e-03 3.000000000000000e-03
-2.000000000000000e-03 3.000000000000000e-03
-1.000000000000000e-03 3.000000000000000e-03
0.000000000000000e+00 3.000000000000000e-03
1.000000000000000e-03 3.000000000000000e-03
2.000000000000000e-03 3.000000000000000e-03
3.000000000000000e-03 3.000000000000000e-03
4.000000000000000e-03 3.000000000000000e-03
5.000000000000000e-03 3.000000000000000e-03
6.000000000000000e-03 3.000000000000000e-03
7.000000000000000e-03 3.000000000000000e-03
8.000000000000000e-03 3.000000000000000e-03
9.000000000000001e-03 3.000000000000000e-03
1.000000000000000e-02 3.000000000000000e-03
1.150000000000000e-02 3.000000000000000e-03
1.300000000000000e-02 3.000000000000000e-03
1.350000000000000e-02 3.000000000000000e-03
1.500000000000000e-02 3.000000000000000e-03
1.650000000000000e-02 3.000000000000000e-03
1.800000000000000e-02 3.000000000000000e-03
1.950000000000000e-02 3.000000000000000e-03
2.100000000000000e-02 3.000000000000000e-03
2.150000000000000e-02 3.000000000000000e-03
2.300000000000000e-02 3.000000000000000e-03
2.450000000000000e-02 3.000000000000000e-03
2.500000000000000e-02 3.000000000000000e-03
2.900000000000000e-02 3.000000000000000e-03
3.380000000000000e-02 3.000000000000000e-03
3.956000000000000e-02 3.000000000000000e-03
4.000000000000000e-02 3.000000000000000e-03
4.800000000000000e-02 3.000000000000000e-03
5.840000000000000e-02 3.000000000000000e-03
7.192000000000000e-02 3.000000000000000e-03
8.949599999999999e-02 3.000000000000000e-03
1.000000000000000e-01 3.000000000000000e-03
-1.000000000000000e-01 4.100000000000000e-03
-7.715120000000000e-02 4.100000000000000e-03
-5.957519999999999e-02 4.100000000000000e-03
-4.605519999999999e-02 4.100000000000000e-03
-4.000000000000000e-02 4.100000000000000e-03
-3.308800000000000e-02 4.100000000000000e-03
-2.732800000000000e-02 4.100000000000000e-03
-2.500000000000000e-02 4.100000000000000e-03
-2.350000000000000e-02 4.100000000000000e-03
-2.200000000000000e-02 4.100000000000000e-03
-2.150000000000000e-02 4.100000000000000e-03
-2.000000000000000e-02 4.100000000000000e-03
-1.850000000000000e-02 4.100000000000000e-03
-1.699999999999999e-02 4.100000000000000e-03
-1.549999999999999e-02 4.100000000000000e-03
-1.400000000000000e-02 4.100000000000000e-03
-1.350000000000000e-02 4.100000000000000e-03
-1.200000000000000e-02 4.100000000000000e-03
-1.050000000000000e-02 4.100000000000000e-03
-1.000000000000000e-02 4.100000000000000e-03
-9.000000000000001e-03 4.100000000000000e-03
-8.000000000000000e-03 4.100000000000000e-03
-7.000000000000000e-03 4.100000000000000e-03
-6.000000000000000e-03 4.100000000000000e-03
-5.000000000000000e-03 4.100000000000000e-03
-4.000000000000000e-03 4.100000000000000e-03
-3.000000000000000e-03 4.100000000000000e-03
-2.000000000000000e-03 4.100000000000000e-03
-1.000000000000000e-03 4.100000000000000e-03
0.000000000000000e+00 4.100000000000000e-03
1.000000000000000e-03 4.100000000000000e-03
2.000000000000000e-03 4.100000000000000e-03
3.000000000000000e-03 4.100000000000000e-03
4.000000000000000e-03 4.100000000000000e-03
5.000000000000000e-03 4.100000000000000e-03
6.000000000000000e-03 4.100000000000000e-03
7.000000000000000e-03 4.100000000000000e-03
8.000000000000000e-03 4.100000000000000e-03
9.000000000000001e-03 4.100000000000000e-03
1.000000000000000e-02 4.100000000000000e-03
1.150000000000000e-02 4.100000000000000e-03
1.300000000000000e-02 4.100000000000000e-03
1.350000000000000e-02 4.100000000000000e-03
1.500000000000000e-02 4.100000000000000e-03
1.650000000000000e-02 4.100000000000000e-03
1.800000000000000e-02 4.100000000000000e-03
1.950000000000000e-02 4.100000000000000e-03
2.100000000000000e-02 4.100000000000000e-03
2.150000000000000e-02 4.100000000000000e-03
2.300000000000000e-02 4.100000000000000e-03
2.450000000000000e-02 4.100000000000000e-03
2.500000000000000e-02 4.100000000000000e-03
2.900000000000000e-02 4.100000000000000e-03
3.380000000000000e-02 4.100000000000000e-03
3.956000000000000e-02 4.100000000000000e-03
4.000000000000000e-02 4.100000000000000e-03
4.800000000000000e-02 4.100000000000000e-03
5.840000000000000e-02 4.100000000000000e-03
7.192000000000000e-02 4.100000000000000e-03
8.949599999999999e-02 4.100000000000000e-03
1.000000000000000e-01 4.100000000000000e-03
-1.000000000000000e-01 5.310000000000000e-03
-7.715120000000000e-02 5.310000000000000e-03
-5.957519999999999e-02 5.310000000000000e-03
-4.605519999999999e-02 5.310000000000000e-03
-4.000000000000000e-02 5.310000000000000e-03
-3.308800000000000e-02 5.310000000000000e-03
-2.732800000000000e-02 5.310000000000000e-03
-2.500000000000000e-02 5.310000000000000e-03
-2.350000000000000e-02 5.310000000000000e-03
-2.200000000000000e-02 5.310000000000000e-03
-2.150000000000000e-02 5.310000000000000e-03
-2.000000000000000e-02 5.310000000000000e-03
-1.850000000000000e-02 5.310000000000000e-03
-1.699999999999999e-02 5.310000000000000e-03
-1.549999999999999e-02 5.310000000000000e-03
-1.400000000000000e-02 5.310000000000000e-03
-1.350000000000000e-02 5.310000000000000e-03
-1.200000000000000e-02 5.310000000000000e-03
-1.050000000000000e-02 5.310000000000000e-03
-1.000000000000000e-02 5.310000000000000e-03
-9.000000000000001e-03 5.310000000000000e-03
-8.000000000000000e-03 5.310000000000000e-03
-7.000000000000000e-03 5.310000000000000e-03
-6.000000000000000e-03 5.310000000000000e-03
-5.000000000000000e-03 5.310000000000000e-03
-4.000000000000000e-03 5.310000000000000e-03
-3.000000000000000e-03 5.310000000000000e-03
-2.000000000000000e-03 5.310000000000000e-03
-1.000000000000000e-03 5.310000000000000e-03
0.000000000000000e+00 5.310000000000000e-03
1.000000000000000e-03 5.310000000000000e-03
2.000000000000000e-03 5.310000000000000e-03
3.000000000000000e-03 5.310000000000000e-03
4.000000000000000e-03 5.310000000000000e-03
5.000000000000000e-03 5.310000000000000e-03
6.000000000000000e-03 5.310000000000000e-03
7.000000000000000e-03 5.310000000000000e-03
8.000000000000000e-03 5.310000000000000e-03
9.000000000000001e-03 5.310000000000000e-03
1.000000000000000e-02 5.310000000000000e-03
1.150000000000000e-02 5.310000000000000e-03
1.300000000000000e-02 5.310000000000000e-03
1.350000000000000e-02 5.310000000000000e-03
1.500000000000000e-02 5.310000000000000e-03
1.650000000000000e-02 5.310000000000000e-03
1.800000000000000e-02 5.310000000000000e-03
1.950000000000000e-02 5.310000000000000e-03
2.100000000000000e-02 5.310000000000000e-03
2.150000000000000e-02 5.310000000000000e-03
2.300000000000000e-02 5.310000000000000e-03
2.450000000000000e-02 5.310000000000000e-03
2.500000000000000e-02 5.310000000000000e-03
2.900000000000000e-02 5.310000000000000e-03
3.380000000000000e-02 5.310000000000000e-03
3.956000000000000e-02 5.310000000000000e-03
4.000000000000000e-02 5.310000000000000e-03
4.800000000000000e-02 5.310000000000000e-03
5.840000000000000e-02 5.310000000000000e-03
7.192000000000000e-02 5.310000000000000e-03
8.949599999999999e-02 5.310000000000000e-03
1.000000000000000e-01 5.310000000000000e-03
-1.000000000000000e-01 6.641000000000001e-03
-7.715120000000000e-02 6.641000000000001e-03
-5.957519999999999e-02 6.641000000000001e-03
-4.605519999999999e-02 6.641000000000001e-03
-4.000000000000000e-02 6.641000000000001e-03
-3.308800000000000e-02 6.641000000000001e-03
-2.732800000000000e-02 6.641000000000001e-03
-2.500000000000000e-02 6.641000000000001e-03
-2.350000000000000e-02 6.641000000000001e-03
-2.200000000000000e-02 6.641000000000001e-03
-2.150000000000000e-02 6.641000000000001e-03
-2.000000000000000e-02 6.641000000000001e-03
-1.850000000000000e-02 6.641000000000001e-03
-1.699999999999999e-02 6.641000000000001e-03
-1.549999999999999e-02 6.641000000000001e-03
-1.400000000000000e-02 6.641000000000001e-03
-1.350000000000000e-02 6.641000000000001e-03
-1.200000000000000e-02 6.641000000000001e-03
-1.050000000000000e-02 6.641000000000001e-03
-1.000000000000000e-02 6.641000000000001e-03
-9.000000000000001e-03 6.641000000000001e-03
-8.000000000000000e-03 6.641000000000001e-03
-7.000000000000000e-03 6.641000000000001e-03
-6.000000000000000e-03 6.641000000000001e-03
-5.000000000000000e-03 6.641000000000001e-03
-4.000000000000000e-03 6.641000000000001e-03
-3.000000000000000e-03 6.641000000000001e-03
-2.000000000000000e-03 6.641000000000001e-03
-1.000000000000000e-03 6.641000000000001e-03
0.000000000000000e+00 6.641000000000001e-03
1.000000000000000e-03 6.641000000000001e-03
2.000000000000000e-03 6.641000000000001e-03
3.000000000000000e-03 6.641000000000001e-03
4.000000000000000e-03 6.641000000000001e-03
5.000000000000000e-03 6.641000000000001e-03
6.000000000000000e-03 6.641000000000001e-03
7.000000000000000e-03 6.641000000000001e-03
8.000000000000000e-03 6.641000000000001e-03
9.000000000000001e-03 6.641000000000001e-03
1.000000000000000e-02 6.641000000000001e-03
1.150000000000000e-02 6.641000000000001e-03
1.300000000000000e-02 6.641000000000001e-03
1.350000000000000e-02 6.641000000000001e-03
1.500000000000000e-02 6.641000000000001e-03
1.650000000000000e-02 6.641000000000001e-03
1.800000000000000e-02 6.641000000000001e-03
1.950000000000000e-02 6.641000000000001e-03
2.100000000000000e-02 6.641000000000001e-03
2.150000000000000e-02 6.641000000000001e-03
2.300000000000000e-02 6.641000000000001e-03
2.450000000000000e-02 6.641000000000001e-03
2.500000000000000e-02 6.641000000000001e-03
2.900000000000000e-02 6.641000000000001e-03
3.380000000000000e-02 6.641000000000001e-03
3.956000000000000e-02 6.641000000000001e-03
4.000000000000000e-02 6.641000000000001e-03
4.800000000000000e-02 6.641000000000001e-03
5.840000000000000e-02 6.641000000000001e-03
7.192000000000000e-02 6.641000000000001e-03
8.949599999999999e-02 6.641000000000001e-03
1.000000000000000e-01 6.641000000000001e-03
-1.000000000000000e-01 8.105100000000002e-03
-7.715120000000000e-02 8.105100000000002e-03
-5.957519999999999e-02 8.105100000000002e-03
-4.605519999999999e-02 8.105100000000002e-03
-4.000000000000000e-02 8.105100000000002e-03
-3.308800000000000e-02 8.105100000000002e-03
-2.732800000000000e-02 8.105100000000002e-03
-2.500000000000000e-02 8.105100000000002e-03
-2.350000000000000e-02 8.105100000000002e-03
-2.200000000000000e-02 8.105100000000002e-03
-2.150000000000000e-02 8.105100000000002e-03
-2.000000000000000e-02 8.105100000000002e-03
-1.850000000000000e-02 8.105100000000002e-03
-1.699999999999999e-02 8.105100000000002e-03
-1.549999999999999e-02 8.105100000000002e-03
-1.400000000000000e-02 8.105100000000002e-03
-1.350000000000000e-02 8.105100000000002e-03
-1.200000000000000e-02 8.105100000000002e-03
-1.050000000000000e-02 8.105100000000002e-03
-1.000000000000000e-02 8.105100000000002e-03
-9.000000000000001e-03 8.105100000000002e-03
-8.000000000000000e-03 8.105100000000002e-03
-7.000000000000000e-03 8.105100000000002e-03
-6.000000000000000e-03 8.105100000000002e-03
-5.000000000000000e-03 8.105100000000002e-03
-4.000000000000000e-03 8.105100000000002e-03
-3.000000000000000e-03 8.105100000000002e-03
-2.000000000000000e-03 8.105100000000002e-03
-1.000000000000000e-03 8.105100000000002e-03
0.000000000000000e+00 8.105100000000002e-03
1.000000000000000e-03 8.105100000000002e-03
2.000000000000000e-03 8.105100000000002e-03
3.000000000000000e-03 8.105100000000002e-03
4.000000000000000e-03 8.105100000000002e-03
5.000000000000000e-03 8.105100000000002e-03
6.000000000000000e-03 8.105100000000002e-03
7.000000000000000e-03 8.105100000000002e-03
8.000000000000000e-03 8.105100000000002e-03
9.000000000000001e-03 8.105100000000002e-03
1.000000000000000e-02 8.105100000000002e-03
1.150000000000000e-02 8.105100000000002e-03
1.300000000000000e-02 8.105100000000002e-03
1.350000000000000e-02 8.105100000000002e-03
1.500000000000000e-02 8.105100000000002e-03
1.650000000000000e-02 8.105100000000002e-03
1.800000000000000e-02 8.105100000000002e-03
1.950000000000000e-02 8.105100000000002e-03
2.100000000000000e-02 8.105100000000002e-03
2.150000000000000e-02 8.105100000000002e-03
2.300000000000000e-02 8.105100000000002e-03
2.450000000000000e-02 8.105100000000002e-03
2.500000000000000e-02 8.105100000000002e-03
2.900000000000000e-02 8.105100000000002e-03
3.380000000000000e-02 8.105100000000002e-03
3.956000000000000e-02 8.105100000000002e-03
4.000000000000000e-02 8.105100000000002e-03
4.800000000000000e-02 8.105100000000002e-03
5.840000000000000e-02 8.105100000000002e-03
7.192000000000000e-02 8.105100000000002e-03
8.949599999999999e-02 8.105100000000002e-03
1.000000000000000e-01 8.105100000000002e-03
-1.000000000000000e-01 9.715610000000003e-03
-7.715120000000000e-02 9.715610000000003e-03
-5.957519999999999e-02 9.715610000000003e-03
-4.605519999999999e-02 9.715610000000003e-03
-4.000000000000000e-02 9.715610000000003e-03
-3.308800000000000e-02 9.715610000000003e-03
-2.732800000000000e-02 9.715610000000003e-03
-2.500000000000000e-02 9.715610000000003e-03
-2.350000000000000e-02 9.715610000000003e-03
-2.200000000000000e-02 9.715610000000003e-03
-2.150000000000000e-02 9.715610000000003e-03
-2.000000000000000e-02 9.715610000000003e-03
-1.850000000000000e-02 9.715610000000003e-03
-1.699999999999999e-02 9.715610000000003e-03
-1.549999999999999e-02 9.715610000000003e-03
-1.400000000000000e-02 9.715610000000003e-03
-1.350000000000000e-02 9.715610000000003e-03
-1.200000000000000e-02 9.715610000000003e-03
-1.050000000000000e-02 9.715610000000003e-03
-1.000000000000000e-02 9.715610000000003e-03
-9.000000000000001e-03 9.715610000000003e-03
-8.000000000000000e-03 9.715610000000003e-03
-7.000000000000000e-03 9.715610000000003e-03
-6.000000000000000e-03 9.715610000000003e-03
-5.000000000000000e-03 9.715610000000003e-03
-4.000000000000000e-03 9.715610000000003e-03
-3.000000000000000e-03 9.715610000000003e-03
-2.000000000000000e-03 9.715610000000003e-03
-1.000000000000000e-03 9.715610000000003e-03
0.000000000000000e+00 9.715610000000003e-03
1.000000000000000e-03 9.715610000000003e-03
2.000000000000000e-03 9.715610000000003e-03
3.000000000000000e-03 9.715610000000003e-03
4.000000000000000e-03 9.715610000000003e-03
5.000000000000000e-03 9.715610000000003e-03
6.000000000000000e-03 9.715610000000003e-03
7.000000000000000e-03 9.715610000000003e-03
8.000000000000000e-03 9.715610000000003e-03
9.000000000000001e-03 9.715610000000003e-03
1.000000000000000e-02 9.715610000000003e-03
1.150000000000000e-02 9.715610000000003e-03
1.300000000000000e-02 9.715610000000003e-03
1.350000000000000e-02 9.715610000000003e-03
1.500000000000000e-02 9.715610000000003e-03
1.650000000000000e-02 9.715610000000003e-03
1.800000000000000e-02 9.715610000000003e-03
1.950000000000000e-02 9.715610000000003e-03
2.100000000000000e-02 9.715610000000003e-03
2.150000000000000e-02 9.715610000000003e-03
2.300000000000000e-02 9.715610000000003e-03
2.450000000000000e-02 9.715610000000003e-03
2.500000000000000e-02 9.715610000000003e-03
2.900000000000000e-02 9.715610000000003e-03
3.380000000000000e-02 9.715610000000003e-03
3.956000000000000e-02 9.715610000000003e-03
4.000000000000000e-02 9.715610000000003e-03
4.800000000000000e-02 9.715610000000003e-03
5.840000000000000e-02 9.715610000000003e-03
7.192000000000000e-02 9.715610000000003e-03
8.949599999999999e-02 9.715610000000003e-03
1.000000000000000e-01 9.715610000000003e-03
-1.000000000000000e-01 1.148717100000000e-02
-7.715120000000000e-02 1.148717100000000e-02
-5.957519999999999e-02 1.148717100000000e-02
-4.605519999999999e-02 1.148717100000000e-02
-4.000000000000000e-02 1.148717100000000e-02
-3.308800000000000e-02 1.148717100000000e-02
-2.732800000000000e-02 1.148717100000000e-02
-2.500000000000000e-02 1.148717100000000e-02
-2.350000000000000e-02 1.148717100000000e-02
-2.200000000000000e-02 1.148717100000000e-02
-2.150000000000000e-02 1.148717100000000e-02
-2.000000000000000e-02 1.148717100000000e-02
-1.850000000000000e-02 1.148717100000000e-02
-1.699999999999999e-02 1.148717100000000e-02
-1.549999999999999e-02 1.148717100000000e-02
-1.400000000000000e-02 1.148717100000000e-02
-1.350000000000000e-02 1.148717100000000e-02
-1.200000000000000e-02 1.148717100000000e-02
-1.050000000000000e-02 1.148717100000000e-02
-1.000000000000000e-02 1.148717100000000e-02
-9.000000000000001e-03 1.148717100000000e-02
-8.000000000000000e-03 1.148717100000000e-02
-7.000000000000000e-03 1.148717100000000e-02
-6.000000000000000e-03 1.148717100000000e-02
-5.000000000000000e-03 1.148717100000000e-02
-4.000000000000000e-03 1.148717100000000e-02
-3.000000000000000e-03 1.148717100000000e-02
-2.000000000000000e-03 1.148717100000000e-02
-1.000000000000000e-03 1.148717100000000e-02
0.000000000000000e+00 1.148717100000000e-02
1.000000000000000e-03 1.148717100000000e-02
2.000000000000000e-03 1.148717100000000e-02
3.000000000000000e-03 1.148717100000000e-02
4.000000000000000e-03 1.148717100000000e-02
5.000000000000000e-03 1.148717100000000e-02
6.000000000000000e-03 1.148717100000000e-02
7.000000000000000e-03 1.148717100000000e-02
8.000000000000000e-03 1.148717100000000e-02
9.000000000000001e-03 1.148717100000000e-02
1.000000000000000e-02 1.148717100000000e-02
1.150000000000000e-02 1.148717100000000e-02
1.300000000000000e-02 1.148717100000000e-02
1.350000000000000e-02 1.148717100000000e-02
1.500000000000000e-02 1.148717100000000e-02
1.650000000000000e-02 1.148717100000000e-02
1.800000000000000e-02 1.148717100000000e-02
1.950000000000000e-02 1.148717100000000e-02
2.100000000000000e-02 1.148717100000000e-02
2.150000000000000e-02 1.148717100000000e-02
2.300000000000000e-02 1.148717100000000e-02
2.450000000000000e-02 1.148717100000000e-02
2.500000000000000e-02 1.148717100000000e-02
2.900000000000000e-02 1.148717100000000e-02
3.380000000000000e-02 1.148717100000000e-02
3.956000000000000e-02 1.148717100000000e-02
4.000000000000000e-02 1.148717100000000e-02
4.800000000000000e-02 1.148717100000000e-02
5.840000000000000e-02 1.148717100000000e-02
7.192000000000000e-02 1.148717100000000e-02
8.949599999999999e-02 1.148717100000000e-02
1.000000000000000e-01 1.148717100000000e-02
-1.000000000000000e-01 1.343588810000000e-02
-7.715120000000000e-02 1.343588810000000e-02
-5.957519999999999e-02 1.343588810000000e-02
-4.605519999999999e-02 1.343588810000000e-02
-4.000000000000000e-02 1.343588810000000e-02
-3.308800000000000e-02 1.343588810000000e-02
-2.732800000000000e-02 1.343588810000000e-02
-2.500000000000000e-02 1.343588810000000e-02
-2.350000000000000e-02 1.343588810000000e-02
-2.200000000000000e-02 1.343588810000000e-02
-2.150000000000000e-02 1.343588810000000e-02
-2.000000000000000e-02 1.343588810000000e-02
-1.850000000000000e-02 1.343588810000000e-02
-1.699999999999999e-02 1.343588810000000e-02
-1.549999999999999e-02 1.343588810000000e-02
-1.400000000000000e-02 1.343588810000000e-02
-1.350000000000000e-02 1.343588810000000e-02
-1.200000000000000e-02 1.343588810000000e-02
-1.050000000000000e-02 1.343588810000000e-02
-1.000000000000000e-02 1.343588810000000e-02
-9.000000000000001e-03 1.343588810000000e-02
-8.000000000000000e-03 1.343588810000000e-02
-7.000000000000000e-03 1.343588810000000e-02
-6.000000000000000e-03 1.343588810000000e-02
-5.000000000000000e-03 1.343588810000000e-02
-4.000000000000000e-03 1.343588810000000e-02
-3.000000000000000e-03 1.343588810000000e-02
-2.000000000000000e-03 1.343588810000000e-02
-1.000000000000000e-03 1.343588810000000e-02
0.000000000000000e+00 1.343588810000000e-02
1.000000000000000e-03 1.343588810000000e-02
2.000000000000000e-03 1.343588810000000e-02
3.000000000000000e-03 1.343588810000000e-02
4.000000000000000e-03 1.343588810000000e-02
5.000000000000000e-03 1.343588810000000e-02
6.000000000000000e-03 1.343588810000000e-02
7.000000000000000e-03 1.343588810000000e-02
8.000000000000000e-03 1.343588810000000e-02
9.000000000000001e-03 1.343588810000000e-02
1.000000000000000e-02 1.343588810000000e-02
1.150000000000000e-02 1.343588810000000e-02
1.300000000000000e-02 1.343588810000000e-02
1.350000000000000e-02 1.343588810000000e-02
1.500000000000000e-02 1.343588810000000e-02
1.650000000000000e-02 1.343588810000000e-02
1.800000000000000e-02 1.343588810000000e-02
1.950000000000000e-02 1.343588810000000e-02
2.100000000000000e-02 1.343588810000000e-02
2.150000000000000e-02 1.343588810000000e-02
2.300000000000000e-02 1.343588810000000e-02
2.450000000000000e-02 1.343588810000000e-02
2.500000000000000e-02 1.343588810000000e-02
2.900000000000000e-02 1.343588810000000e-02
3.380000000000000e-02 1.343588810000000e-02
3.956000000000000e-02 1.343588810000000e-02
4.000000000000000e-02 1.343588810000000e-02
4.800000000000000e-02 1.343588810000000e-02
5.840000000000000e-02 1.343588810000000e-02
7.192000000000000e-02 1.343588810000000e-02
8.949599999999999e-02 1.343588810000000e-02
1.000000000000000e-01 1.343588810000000e-02
-1.000000000000000e-01 1.557947691000001e-02
-7.715120000000000e-02 1.557947691000001e-02
-5.957519999999999e-02 1.557947691000001e-02
-4.605519999999999e-02 1.557947691000001e-02
-4.000000000000000e-02 1.557947691000001e-02
-3.308800000000000e-02 1.557947691000001e-02
-2.732800000000000e-02 1.557947691000001e-02
-2.500000000000000e-02 1.557947691000001e-02
-2.350000000000000e-02 1.557947691000001e-02
-2.200000000000000e-02 1.557947691000001e-02
-2.150000000000000e-02 1.557947691000001e-02
-2.000000000000000e-02 1.557947691000001e-02
-1.850000000000000e-02 1.557947691000001e-02
-1.699999999999999e-02 1.557947691000001e-02
-1.549999999999999e-02 1.557947691000001e-02
-1.400000000000000e-02 1.557947691000001e-02
-1.350000000000000e-02 1.557947691000001e-02
-1.200000000000000e-02 1.557947691000001e-02
-1.050000000000000e-02 1.557947691000001e-02
-1.000000000000000e-02 1.557947691000001e-02
-9.000000000000001e-03 1.557947691000001e-02
-8.000000000000000e-03 1.557947691000001e-02
-7.000000000000000e-03 1.557947691000001e-02
-6.000000000000000e-03 1.557947691000001e-02
-5.000000000000000e-03 1.557947691000001e-02
-4.000000000000000e-03 1.557947691000001e-02
-3.000000000000000e-03 1.557947691000001e-02
-2.000000000000000e-03 1.557947691000001e-02
-1.000000000000000e-03 1.557947691000001e-02
0.000000000000000e+00 1.557947691000001e-02
1.000000000000000e-03 1.557947691000001e-02
2.000000000000000e-03 1.557947691000001e-02
3.000000000000000e-03 1.557947691000001e-02
4.000000000000000e-03 1.557947691000001e-02
5.000000000000000e-03 1.557947691000001e-02
6.000000000000000e-03 1.557947691000001e-02
7.000000000000000e-03 1.557947691000001e-02
8.000000000000000e-03 1.557947691000001e-02
9.000000000000001e-03 1.557947691000001e-02
1.000000000000000e-02 1.557947691000001e-02
1.150000000000000e-02 1.557947691000001e-02
1.300000000000000e-02 1.557947691000001e-02
1.350000000000000e-02 1.557947691000001e-02
1.500000000000000e-02 1.557947691000001e-02
1.650000000000000e-02 1.557947691000001e-02
1.800000000000000e-02 1.557947691000001e-02
1.950000000000000e-02 1.557947691000001e-02
2.100000000000000e-02 1.557947691000001e-02
2.150000000000000e-02 1.557947691000001e-02
2.300000000000000e-02 1.557947691000001e-02
2.450000000000000e-02 1.557947691000001e-02
2.500000000000000e-02 1.557947691000001e-02
2.900000000000000e-02 1.557947691000001e-02
3.380000000000000e-02 1.557947691000001e-02
3.956000000000000e-02 1.557947691000001e-02
4.000000000000000e-02 1.557947691000001e-02
4.800000000000000e-02 1.557947691000001e-02
5.840000000000000e-02 1.557947691000001e-02
7.192000000000000e-02 1.557947691000001e-02
8.949599999999999e-02 1.557947691000001e-02
1.000000000000000e-01 1.557947691000001e-02
-1.000000000000000e-01 1.793742460100001e-02
-7.715120000000000e-02 1.793742460100001e-02
-5.957519999999999e-02 1.793742460100001e-02
-4.605519999999999e-02 1.793742460100001e-02
-4.000000000000000e-02 1.793742460100001e-02
-3.308800000000000e-02 1.793742460100001e-02
-2.732800000000000e-02 1.793742460100001e-02
-2.500000000000000e-02 1.793742460100001e-02
-2.350000000000000e-02 1.793742460100001e-02
-2.200000000000000e-02 1.793742460100001e-02
-2.150000000000000e-02 1.793742460100001e-02
-2.000000000000000e-02 1.793742460100001e-02
-1.850000000000000e-02 1.793742460100001e-02
-1.699999999999999e-02 1.793742460100001e-02
-1.549999999999999e-02 1.793742460100001e-02
-1.400000000000000e-02 1.793742460100001e-02
-1.350000000000000e-02 1.793742460100001e-02
-1.200000000000000e-02 1.793742460100001e-02
-1.050000000000000e-02 1.793742460100001e-02
-1.000000000000000e-02 1.793742460100001e-02
-9.000000000000001e-03 1.793742460100001e-02
-8.000000000000000e-03 1.793742460100001e-02
-7.000000000000000e-03 1.793742460100001e-02
-6.000000000000000e-03 1.793742460100001e-02
-5.000000000000000e-03 1.793742460100001e-02
-4.000000000000000e-03 1.793742460100001e-02
-3.000000000000000e-03 1.793742460100001e-02
-2.000000000000000e-03 1.793742460100001e-02
-1.000000000000000e-03 1.793742460100001e-02
0.000000000000000e+00 1.793742460100001e-02
1.000000000000000e-03 1.793742460100001e-02
2.000000000000000e-03 1.793742460100001e-02
3.000000000000000e-03 1.793742460100001e-02
4.000000000000000e-03 1.793742460100001e-02
5.000000000000000e-03 1.793742460100001e-02
6.000000000000000e-03 1.793742460100001e-02
7.000000000000000e-03 1.793742460100001e-02
8.000000000000000e-03 1.793742460100001e-02
9.000000000000001e-03 1.793742460100001e-02
1.000000000000000e-02 1.793742460100001e-02
1.150000000000000e-02 1.793742460100001e-02
1.300000000000000e-02 1.793742460100001e-02
1.350000000000000e-02 1.793742460100001e-02
1.500000000000000e-02 1.793742460100001e-02
1.650000000000000e-02 1.793742460100001e-02
1.800000000000000e-02 1.793742460100001e-02
1.950000000000000e-02 1.793742460100001e-02
2.100000000000000e-02 1.793742460100001e-02
2.150000000000000e-02 1.793742460100001e-02
2.300000000000000e-02 1.793742460100001e-02
2.450000000000000e-02 1.793742460100001e-02
2.500000000000000e-02 1.793742460100001e-02
2.900000000000000e-02 1.793742460100001e-02
3.380000000000000e-02 1.793742460100001e-02
3.956000000000000e-02 1.793742460100001e-02
4.000000000000000e-02 1.793742460100001e-02
4.800000000000000e-02 1.793742460100001e-02
5.840000000000000e-02 1.793742460100001e-02
7.192000000000000e-02 1.793742460100001e-02
8.949599999999999e-02 1.793742460100001e-02
1.000000000000000e-01 1.793742460100001e-02
-1.000000000000000e-01 1.850000000000000e-02
-7.715120000000000e-02 1.850000000000000e-02
-5.957519999999999e-02 1.850000000000000e-02
-4.605519999999999e-02 1.850000000000000e-02
-4.000000000000000e-02 1.850000000000000e-02
-3.308800000000000e-02 1.850000000000000e-02
-2.732800000000000e-02 1.850000000000000e-02
-2.500000000000000e-02 1.850000000000000e-02
-2.350000000000000e-02 1.850000000000000e-02
-2.200000000000000e-02 1.850000000000000e-02
-2.150000000000000e-02 1.850000000000000e-02
-2.000000000000000e-02 1.850000000000000e-02
-1.850000000000000e-02 1.850000000000000e-02
-1.699999999999999e-02 1.850000000000000e-02
-1.549999999999999e-02 1.850000000000000e-02
-1.400000000000000e-02 1.850000000000000e-02
-1.350000000000000e-02 1.850000000000000e-02
-1.200000000000000e-02 1.850000000000000e-02
-1.050000000000000e-02 1.850000000000000e-02
-1.000000000000000e-02 1.850000000000000e-02
-9.000000000000001e-03 1.850000000000000e-02
-8.000000000000000e-03 1.850000000000000e-02
-7.000000000000000e-03 1.850000000000000e-02
-6.000000000000000e-03 1.850000000000000e-02
-5.000000000000000e-03 1.850000000000000e-02
-4.000000000000000e-03 1.850000000000000e-02
-3.000000000000000e-03 1.850000000000000e-02
-2.000000000000000e-03 1.850000000000000e-02
-1.000000000000000e-03 1.850000000000000e-02
0.000000000000000e+00 1.850000000000000e-02
1.000000000000000e-03 1.850000000000000e-02
2.000000000000000e-03 1.850000000000000e-02
3.000000000000000e-03 1.850000000000000e-02
4.000000000000000e-03 1.850000000000000e-02
5.000000000000000e-03 1.850000000000000e-02
6.000000000000000e-03 1.850000000000000e-02
7.000000000000000e-03 1.850000000000000e-02
8.000000000000000e-03 1.850000000000000e-02
9.000000000000001e-03 1.850000000000000e-02
1.000000000000000e-02 1.850000000000000e-02
1.150000000000000e-02 1.850000000000000e-02
1.300000000000000e-02 1.850000000000000e-02
1.350000000000000e-02 1.850000000000000e-02
1.500000000000000e-02 1.850000000000000e-02
1.650000000000000e-02 1.850000000000000e-02
1.800000000000000e-02 1.850000000000000e-02
1.950000000000000e-02 1.850000000000000e-02
2.100000000000000e-02 1.850000000000000e-02
2.150000000000000e-02 1.850000000000000e-02
2.300000000000000e-02 1.850000000000000e-02
2.450000000000000e-02 1.850000000000000e-02
2.500000000000000e-02 1.850000000000000e-02
2.900000000000000e-02 1.850000000000000e-02
3.380000000000000e-02 1.850000000000000e-02
3.956000000000000e-02 1.850000000000000e-02
4.000000000000000e-02 1.850000000000000e-02
4.800000000000000e-02 1.850000000000000e-02
5.840000000000000e-02 1.850000000000000e-02
7.192000000000000e-02 1.850000000000000e-02
8.949599999999999e-02 1.850000000000000e-02
1.000000000000000e-01 1.850000000000000e-02
-1.000000000000000e-01 2.050000000000000e-02
-7.715120000000000e-02 2.050000000000000e-02
-5.957519999999999e-02 2.050000000000000e-02
-4.605519999999999e-02 2.050000000000000e-02
-4.000000000000000e-02 2.050000000000000e-02
-3.308800000000000e-02 2.050000000000000e-02
-2.732800000000000e-02 2.050000000000000e-02
-2.500000000000000e-02 2.050000000000000e-02
-2.350000000000000e-02 2.050000000000000e-02
-2.200000000000000e-02 2.050000000000000e-02
-2.150000000000000e-02 2.050000000000000e-02
-2.000000000000000e-02 2.050000000000000e-02
-1.850000000000000e-02 2.050000000000000e-02
-1.699999999999999e-02 2.050000000000000e-02
-1.549999999999999e-02 2.050000000000000e-02
-1.400000000000000e-02 2.050000000000000e-02
-1.350000000000000e-02 2.050000000000000e-02
-1.200000000000000e-02 2.050000000000000e-02
-1.050000000000000e-02 2.050000000000000e-02
-1.000000000000000e-02 2.050000000000000e-02
-9.000000000000001e-03 2.050000000000000e-02
-8.000000000000000e-03 2.050000000000000e-02
-7.000000000000000e-03 2.050000000000000e-02
-6.000000000000000e-03 2.050000000000000e-02
-5.000000000000000e-03 2.050000000000000e-02
-4.000000000000000e-03 2.050000000000000e-02
-3.000000000000000e-03 2.050000000000000e-02
-2.000000000000000e-03 2.050000000000000e-02
-1.000000000000000e-03 2.050000000000000e-02
0.000000000000000e+00 2.050000000000000e-02
1.000000000000000e-03 2.050000000000000e-02
2.000000000000000e-03 2.050000000000000e-02
3.000000000000000e-03 2.050000000000000e-02
4.000000000000000e-03 2.050000000000000e-02
5.000000000000000e-03 2.050000000000000e-02
6.000000000000000e-03 2.050000000000000e-02
7.000000000000000e-03 2.050000000000000e-02
8.000000000000000e-03 2.050000000000000e-02
9.000000000000001e-03 2.050000000000000e-02
1.000000000000000e-02 2.050000000000000e-02
1.150000000000000e-02 2.050000000000000e-02
1.300000000000000e-02 2.050000000000000e-02
1.350000000000000e-02 2.050000000000000e-02
1.500000000000000e-02 2.050000000000000e-02
1.650000000000000e-02 2.050000000000000e-02
1.800000000000000e-02 2.050000000000000e-02
1.950000000000000e-02 2.050000000000000e-02
2.100000000000000e-02 2.050000000000000e-02
2.150000000000000e-02 2.050000000000000e-02
2.300000000000000e-02 2.050000000000000e-02
2.450000000000000e-02 2.050000000000000e-02
2.500000000000000e-02 2.050000000000000e-02
2.900000000000000e-02 2.050000000000000e-02
3.380000000000000e-02 2.050000000000000e-02
3.956000000000000e-02 2.050000000000000e-02
4.000000000000000e-02 2.050000000000000e-02
4.800000000000000e-02 2.050000000000000e-02
5.840000000000000e-02 2.050000000000000e-02
7.192000000000000e-02 2.050000000000000e-02
8.949599999999999e-02 2.050000000000000e-02
1.000000000000000e-01 2.050000000000000e-02
-1.000000000000000e-01 2.250000000000000e-02
-7.715120000000000e-02 2.250000000000000e-02
-5.957519999999999e-02 2.250000000000000e-02
-4.605519999999999e-02 2.250000000000000e-02
-4.000000000000000e-02 2.250000000000000e-02
-3.308800000000000e-02 2.250000000000000e-02
-2.732800000000000e-02 2.250000000000000e-02
-2.500000000000000e-02 2.250000000000000e-02
-2.350000000000000e-02 2.250000000000000e-02
-2.200000000000000e-02 2.250000000000000e-02
-2.150000000000000e-02 2.250000000000000e-02
-2.000000000000000e-02 2.250000000000000e-02
-1.850000000000000e-02 2.250000000000000e-02
-1.699999999999999e-02 2.250000000000000e-02
-1.549999999999999e-02 2.250000000000000e-02
-1.400000000000000e-02 2.250000000000000e-02
-1.350000000000000e-02 2.250000000000000e-02
-1.200000000000000e-02 2.250000000000000e-02
-1.050000000000000e-02 2.250000000000000e-02
-1.000000000000000e-02 2.250000000000000e-02
-9.000000000000001e-03 2.250000000000000e-02
-8.000000000000000e-03 2.250000000000000e-02
-7.000000000000000e-03 2.250000000000000e-02
-6.000000000000000e-03 2.250000000000000e-02
-5.000000000000000e-03 2.250000000000000e-02
-4.000000000000000e-03 2.250000000000000e-02
-3.000000000000000e-03 2.250000000000000e-02
-2.000000000000000e-03 2.250000000000000e-02
-1.000000000000000e-03 2.250000000000000e-02
0.000000000000000e+00 2.250000000000000e-02
1.000000000000000e-03 2.250000000000000e-02
2.000000000000000e-03 2.250000000000000e-02
3.000000000000000e-03 2.250000000000000e-02
4.000000000000000e-03 2.250000000000000e-02
5.000000000000000e-03 2.250000000000000e-02
6.000000000000000e-03 2.250000000000000e-02
7.000000000000000e-03 2.250000000000000e-02
8.000000000000000e-03 2.250000000000000e-02
9.000000000000001e-03 2.250000000000000e-02
1.000000000000000e-02 2.250000000000000e-02
1.150000000000000e-02 2.250000000000000e-02
1.300000000000000e-02 2.250000000000000e-02
1.350000000000000e-02 2.250000000000000e-02
1.500000000000000e-02 2.250000000000000e-02
1.650000000000000e-02 2.250000000000000e-02
1.800000000000000e-02 2.250000000000000e-02
1.950000000000000e-02 2.250000000000000e-02
2.100000000000000e-02 2.250000000000000e-02
2.150000000000000e-02 2.250000000000000e-02
2.300000000000000e-02 2.250000000000000e-02
2.450000000000000e-02 2.250000000000000e-02
2.500000000000000e-02 2.250000000000000e-02
2.900000000000000e-02 2.250000000000000e-02
3.380000000000000e-02 2.250000000000000e-02
3.956000000000000e-02 2.250000000000000e-02
4.000000000000000e-02 2.250000000000000e-02
4.800000000000000e-02 2.250000000000000e-02
5.840000000000000e-02 2.250000000000000e-02
7.192000000000000e-02 2.250000000000000e-02
8.949599999999999e-02 2.250000000000000e-02
1.000000000000000e-01 2.250000000000000e-02
-1.000000000000000e-01 2.450000000000000e-02
-7.715120000000000e-02 2.450000000000000e-02
-5.957519999999999e-02 2.450000000000000e-02
-4.605519999999999e-02 2.450000000000000e-02
-4.000000000000000e-02 2.450000000000000e-02
-3.308800000000000e-02 2.450000000000000e-02
-2.732800000000000e-02 2.450000000000000e-02
-2.500000000000000e-02 2.450000000000000e-02
-2.350000000000000e-02 2.450000000000000e-02
-2.200000000000000e-02 2.450000000000000e-02
-2.150000000000000e-02 2.450000000000000e-02
-2.000000000000000e-02 2.450000000000000e-02
-1.850000000000000e-02 2.450000000000000e-02
-1.699999999999999e-02 2.450000000000000e-02
-1.549999999999999e-02 2.450000000000000e-02
-1.400000000000000e-02 2.450000000000000e-02
-1.350000000000000e-02 2.450000000000000e-02
-1.200000000000000e-02 2.450000000000000e-02
-1.050000000000000e-02 2.450000000000000e-02
-1.000000000000000e-02 2.450000000000000e-02
-9.000000000000001e-03 2.450000000000000e-02
-8.000000000000000e-03 2.450000000000000e-02
-7.000000000000000e-03 2.450000000000000e-02
-6.000000000000000e-03 2.450000000000000e-02
-5.000000000000000e-03 2.450000000000000e-02
-4.000000000000000e-03 2.450000000000000e-02
-3.000000000000000e-03 2.450000000000000e-02
-2.000000000000000e-03 2.450000000000000e-02
-1.000000000000000e-03 2.450000000000000e-02
0.000000000000000e+00 2.450000000000000e-02
1.000000000000000e-03 2.450000000000000e-02
2.000000000000000e-03 2.450000000000000e-02
3.000000000000000e-03 2.450000000000000e-02
4.000000000000000e-03 2.450000000000000e-02
5.000000000000000e-03 2.450000000000000e-02
6.000000000000000e-03 2.450000000000000e-02
7.000000000000000e-03 2.450000000000000e-02
8.000000000000000e-03 2.450000000000000e-02
9.000000000000001e-03 2.450000000000000e-02
1.000000000000000e-02 2.450000000000000e-02
1.150000000000000e-02 2.450000000000000e-02
1.300000000000000e-02 2.450000000000000e-02
1.350000000000000e-02 2.450000000000000e-02
1.500000000000000e-02 2.450000000000000e-02
1.650000000000000e-02 2.450000000000000e-02
1.800000000000000e-02 2.450000000000000e-02
1.950000000000000e-02 2.450000000000000e-02
2.100000000000000e-02 2.450000000000000e-02
2.150000000000000e-02 2.450000000000000e-02
2.300000000000000e-02 2.450000000000000e-02
2.450000000000000e-02 2.450000000000000e-02
2.500000000000000e-02 2.450000000000000e-02
2.900000000000000e-02 2.450000000000000e-02
3.380000000000000e-02 2.450000000000000e-02
3.956000000000000e-02 2.450000000000000e-02
4.000000000000000e-02 2.450000000000000e-02
4.800000000000000e-02 2.450000000000000e-02
5.840000000000000e-02 2.450000000000000e-02
7.192000000000000e-02 2.450000000000000e-02
8.949599999999999e-02 2.450000000000000e-02
1.000000000000000e-01 2.450000000000000e-02
-1.000000000000000e-01 2.650000000000000e-02
-7.715120000000000e-02 2.650000000000000e-02
-5.957519999999999e-02 2.650000000000000e-02
-4.605519999999999e-02 2.650000000000000e-02
-4.000000000000000e-02 2.650000000000000e-02
-3.308800000000000e-02 2.650000000000000e-02
-2.732800000000000e-02 2.650000000000000e-02
-2.500000000000000e-02 2.650000000000000e-02
-2.350000000000000e-02 2.650000000000000e-02
-2.200000000000000e-02 2.650000000000000e-02
-2.150000000000000e-02 2.650000000000000e-02
-2.000000000000000e-02 2.650000000000000e-02
-1.850000000000000e-02 2.650000000000000e-02
-1.699999999999999e-02 2.650000000000000e-02
-1.549999999999999e-02 2.650000000000000e-02
-1.400000000000000e-02 2.650000000000000e-02
-1.350000000000000e-02 2.650000000000000e-02
-1.200000000000000e-02 2.650000000000000e-02
-1.050000000000000e-02 2.650000000000000e-02
-1.000000000000000e-02 2.650000000000000e-02
-9.000000000000001e-03 2.650000000000000e-02
-8.000000000000000e-03 2.650000000000000e-02
-7.000000000000000e-03 2.650000000000000e-02
-6.000000000000000e-03 2.650000000000000e-02
-5.000000000000000e-03 2.650000000000000e-02
-4.000000000000000e-03 2.650000000000000e-02
-3.000000000000000e-03 2.650000000000000e-02
-2.000000000000000e-03 2.650000000000000e-02
-1.000000000000000e-03 2.650000000000000e-02
0.000000000000000e+00 2.650000000000000e-02
1.000000000000000e-03 2.650000000000000e-02
2.000000000000000e-03 2.650000000000000e-02
3.000000000000000e-03 2.650000000000000e-02
4.000000000000000e-03 2.650000000000000e-02
5.000000000000000e-03 2.650000000000000e-02
6.000000000000000e-03 2.650000000000000e-02
7.000000000000000e-03 2.650000000000000e-02
8.000000000000000e-03 2.650000000000000e-02
9.000000000000001e-03 2.650000000000000e-02
1.000000000000000e-02 2.650000000000000e-02
1.150000000000000e-02 2.650000000000000e-02
1.300000000000000e-02 2.650000000000000e-02
1.350000000000000e-02 2.650000000000000e-02
1.500000000000000e-02 2.650000000000000e-02
1.650000000000000e-02 2.650000000000000e-02
1.800000000000000e-02 2.650000000000000e-02
1.950000000000000e-02 2.650000000000000e-02
2.100000000000000e-02 2.650000000000000e-02
2.150000000000000e-02 2.650000000000000e-02
2.300000000000000e-02 2.650000000000000e-02
2.450000000000000e-02 2.650000000000000e-02
2.500000000000000e-02 2.650000000000000e-02
2.900000000000000e-02 2.650000000000000e-02
3.380000000000000e-02 2.650000000000000e-02
3.956000000000000e-02 2.650000000000000e-02
4.000000000000000e-02 2.650000000000000e-02
4.800000000000000e-02 2.650000000000000e-02
5.840000000000000e-02 2.650000000000000e-02
7.192000000000000e-02 2.650000000000000e-02
8.949599999999999e-02 2.650000000000000e-02
1.000000000000000e-01 2.650000000000000e-02
-1.000000000000000e-01 2.850000000000000e-02
-7.715120000000000e-02 2.850000000000000e-02
-5.957519999999999e-02 2.850000000000000e-02
-4.605519999999999e-02 2.850000000000000e-02
-4.000000000000000e-02 2.850000000000000e-02
-3.308800000000000e-02 2.850000000000000e-02
-2.732800000000000e-02 2.850000000000000e-02
-2.500000000000000e-02 2.850000000000000e-02
-2.350000000000000e-02 2.850000000000000e-02
-2.200000000000000e-02 2.850000000000000e-02
-2.150000000000000e-02 2.850000000000000e-02
-2.000000000000000e-02 2.850000000000000e-02
-1.850000000000000e-02 2.850000000000000e-02
-1.699999999999999e-02 2.850000000000000e-02
-1.549999999999999e-02 2.850000000000000e-02
-1.400000000000000e-02 2.850000000000000e-02
-1.350000000000000e-02 2.850000000000000e-02
-1.200000000000000e-02 2.850000000000000e-02
-1.050000000000000e-02 2.850000000000000e-02
-1.000000000000000e-02 2.850000000000000e-02
-9.000000000000001e-03 2.850000000000000e-02
-8.000000000000000e-03 2.850000000000000e-02
-7.000000000000000e-03 2.850000000000000e-02
-6.000000000000000e-03 2.850000000000000e-02
-5.000000000000000e-03 2.850000000000000e-02
-4.000000000000000e-03 2.850000000000000e-02
-3.000000000000000e-03 2.850000000000000e-02
-2.000000000000000e-03 2.850000000000000e-02
-1.000000000000000e-03 2.850000000000000e-02
0.000000000000000e+00 2.850000000000000e-02
1.000000000000000e-03 2.850000000000000e-02
2.000000000000000e-03 2.850000000000000e-02
3.000000000000000e-03 2.850000000000000e-02
4.000000000000000e-03 2.850000000000000e-02
5.000000000000000e-03 2.850000000000000e-02
6.000000000000000e-03 2.850000000000000e-02
7.000000000000000e-03 2.850000000000000e-02
8.000000000000000e-03 2.850000000000000e-02
9.000000000000001e-03 2.850000000000000e-02
1.000000000000000e-02 2.850000000000000e-02
1.150000000000000e-02 2.850000000000000e-02
1.300000000000000e-02 2.850000000000000e-02
1.350000000000000e-02 2.850000000000000e-02
1.500000000000000e-02 2.850000000000000e-02
1.650000000000000e-02 2.850000000000000e-02
1.800000000000000e-02 2.850000000000000e-02
1.950000000000000e-02 2.850000000000000e-02
2.100000000000000e-02 2.850000000000000e-02
2.150000000000000e-02 2.850000000000000e-02
2.300000000000000e-02 2.850000000000000e-02
2.450000000000000e-02 2.850000000000000e-02
2.500000000000000e-02 2.850000000000000e-02
2.900000000000000e-02 2.850000000000000e-02
3.380000000000000e-02 2.850000000000000e-02
3.956000000000000e-02 2.850000000000000e-02
4.000000000000000e-02 2.850000000000000e-02
4.800000000000000e-02 2.850000000000000e-02
5.840000000000000e-02 2.850000000000000e-02
7.192000000000000e-02 2.850000000000000e-02
8.949599999999999e-02 2.850000000000000e-02
1.000000000000000e-01 2.850000000000000e-02
-1.000000000000000e-01 3.000000000000000e-02
-7.715120000000000e-02 3.000000000000000e-02
-5.957519999999999e-02 3.000000000000000e-02
-4.605519999999999e-02 3.000000000000000e-02
-4.000000000000000e-02 3.000000000000000e-02
-3.308800000000000e-02 3.000000000000000e-02
-2.732800000000000e-02 3.000000000000000e-02
-2.500000000000000e-02 3.000000000000000e-02
-2.350000000000000e-02 3.000000000000000e-02
-2.200000000000000e-02 3.000000000000000e-02
-2.150000000000000e-02 3.000000000000000e-02
-2.000000000000000e-02 3.000000000000000e-02
-1.850000000000000e-02 3.000000000000000e-02
-1.699999999999999e-02 3.000000000000000e-02
-1.549999999999999e-02 3.000000000000000e-02
-1.400000000000000e-02 3.000000000000000e-02
-1.350000000000000e-02 3.000000000000000e-02
-1.200000000000000e-02 3.000000000000000e-02
-1.050000000000000e-02 3.000000000000000e-02
-1.000000000000000e-02 3.000000000000000e-02
-9.000000000000001e-03 3.000000000000000e-02
-8.000000000000000e-03 3.000000000000000e-02
-7.000000000000000e-03 3.000000000000000e-02
-6.000000000000000e-03 3.000000000000000e-02
-5.000000000000000e-03 3.000000000000000e-02
-4.000000000000000e-03 3.000000000000000e-02
-3.000000000000000e-03 3.000000000000000e-02
-2.000000000000000e-03 3.000000000000000e-02
-1.000000000000000e-03 3.000000000000000e-02
0.000000000000000e+00 3.000000000000000e-02
1.000000000000000e-03 3.000000000000000e-02
2.000000000000000e-03 3.000000000000000e-02
3.000000000000000e-03 3.000000000000000e-02
4.000000000000000e-03 3.000000000000000e-02
5.000000000000000e-03 3.000000000000000e-02
6.000000000000000e-03 3.000000000000000e-02
7.000000000000000e-03 3.000000000000000e-02
8.000000000000000e-03 3.000000000000000e-02
9.000000000000001e-03 3.000000000000000e-02
1.000000000000000e-02 3.000000000000000e-02
1.150000000000000e-02 3.000000000000000e-02
1.300000000000000e-02 3.000000000000000e-02
1.350000000000000e-02 3.000000000000000e-02
1.500000000000000e-02 3.000000000000000e-02
1.650000000000000e-02 3.000000000000000e-02
1.800000000000000e-02 3.000000000000000e-02
1.950000000000000e-02 3.000000000000000e-02
2.100000000000000e-02 3.000000000000000e-02
2.150000000000000e-02 3.000000000000000e-02
2.300000000000000e-02 3.000000000000000e-02
2.450000000000000e-02 3.000000000000000e-02
2.500000000000000e-02 3.000000000000000e-02
2.900000000000000e-02 3.000000000000000e-02
3.380000000000000e-02 3.000000000000000e-02
3.956000000000000e-02 3.000000000000000e-02
4.000000000000000e-02 3.000000000000000e-02
4.800000000000000e-02 3.000000000000000e-02
5.840000000000000e-02 3.000000000000000e-02
7.192000000000000e-02 3.000000000000000e-02
8.949599999999999e-02 3.000000000000000e-02
1.000000000000000e-01 3.000000000000000e-02
-1.000000000000000e-01 3.300000000000000e-02
-7.715120000000000e-02 3.300000000000000e-02
-5.957519999999999e-02 3.300000000000000e-02
-4.605519999999999e-02 3.300000000000000e-02
-4.000000000000000e-02 3.300000000000000e-02
-3.308800000000000e-02 3.300000000000000e-02
-2.732800000000000e-02 3.300000000000000e-02
-2.500000000000000e-02 3.300000000000000e-02
-2.350000000000000e-02 3.300000000000000e-02
-2.200000000000000e-02 3.300000000000000e-02
-2.150000000000000e-02 3.300000000000000e-02
-2.000000000000000e-02 3.300000000000000e-02
-1.850000000000000e-02 3.300000000000000e-02
-1.699999999999999e-02 3.300000000000000e-02
-1.549999999999999e-02 3.300000000000000e-02
-1.400000000000000e-02 3.300000000000000e-02
-1.350000000000000e-02 3.300000000000000e-02
-1.200000000000000e-02 3.300000000000000e-02
-1.050000000000000e-02 3.300000000000000e-02
-1.000000000000000e-02 3.300000000000000e-02
-9.000000000000001e-03 3.300000000000000e-02
-8.000000000000000e-03 3.300000000000000e-02
-7.000000000000000e-03 3.300000000000000e-02
-6.000000000000000e-03 3.300000000000000e-02
-5.000000000000000e-03 3.300000000000000e-02
-4.000000000000000e-03 3.300000000000000e-02
-3.000000000000000e-03 3.300000000000000e-02
-2.000000000000000e-03 3.300000000000000e-02
-1.000000000000000e-03 3.300000000000000e-02
0.000000000000000e+00 3.300000000000000e-02
1.000000000000000e-03 3.300000000000000e-02
2.000000000000000e-03 3.300000000000000e-02
3.000000000000000e-03 3.300000000000000e-02
4.000000000000000e-03 3.300000000000000e-02
5.000000000000000e-03 3.300000000000000e-02
6.000000000000000e-03 3.300000000000000e-02
7.000000000000000e-03 3.300000000000000e-02
8.000000000000000e-03 3.300000000000000e-02
9.000000000000001e-03 3.300000000000000e-02
1.000000000000000e-02 3.300000000000000e-02
1.150000000000000e-02 3.300000000000000e-02
1.300000000000000e-02 3.300000000000000e-02
1.350000000000000e-02 3.300000000000000e-02
1.500000000000000e-02 3.300000000000000e-02
1.650000000000000e-02 3.300000000000000e-02
1.800000000000000e-02 3.300000000000000e-02
1.950000000000000e-02 3.300000000000000e-02
2.100000000000000e-02 3.300000000000000e-02
2.150000000000000e-02 3.300000000000000e-02
2.300000000000000e-02 3.300000000000000e-02
2.450000000000000e-02 3.300000000000000e-02
2.500000000000000e-02 3.300000000000000e-02
2.900000000000000e-02 3.300000000000000e-02
3.380000000000000e-02 3.300000000000000e-02
3.956000000000000e-02 3.300000000000000e-02
4.000000000000000e-02 3.300000000000000e-02
4.800000000000000e-02 3.300000000000000e-02
5.840000000000000e-02 3.300000000000000e-02
7.192000000000000e-02 3.300000000000000e-02
8.949599999999999e-02 3.300000000000000e-02
1.000000000000000e-01 3.300000000000000e-02
-1.000000000000000e-01 3.660000000000000e-02
-7.715120000000000e-02 3.660000000000000e-02
-5.957519999999999e-02 3.660000000000000e-02
-4.605519999999999e-02 3.660000000000000e-02
-4.000000000000000e-02 3.660000000000000e-02
-3.308800000000000e-02 3.660000000000000e-02
-2.732800000000000e-02 3.660000000000000e-02
-2.500000000000000e-02 3.660000000000000e-02
-2.350000000000000e-02 3.660000000000000e-02
-2.200000000000000e-02 3.660000000000000e-02
-2.150000000000000e-02 3.660000000000000e-02
-2.000000000000000e-02 3.660000000000000e-02
-1.850000000000000e-02 3.660000000000000e-02
-1.699999999999999e-02 3.660000000000000e-02
-1.549999999999999e-02 3.660000000000000e-02
-1.400000000000000e-02 3.660000000000000e-02
-1.350000000000000e-02 3.660000000000000e-02
-1.200000000000000e-02 3.660000000000000e-02
-1.050000000000000e-02 3.660000000000000e-02
-1.000000000000000e-02 3.660000000000000e-02
-9.000000000000001e-03 3.660000000000000e-02
-8.000000000000000e-03 3.660000000000000e-02
-7.000000000000000e-03 3.660000000000000e-02
-6.000000000000000e-03 3.660000000000000e-02
-5.000000000000000e-03 3.660000000000000e-02
-4.000000000000000e-03 3.660000000000000e-02
-3.000000000000000e-03 3.660000000000000e-02
-2.000000000000000e-03 3.660000000000000e-02
-1.000000000000000e-03 3.660000000000000e-02
0.000000000000000e+00 3.660000000000000e-02
1.000000000000000e-03 3.660000000000000e-02
2.000000000000000e-03 3.660000000000000e-02
3.000000000000000e-03 3.660000000000000e-02
4.000000000000000e-03 3.660000000000000e-02
5.000000000000000e-03 3.660000000000000e-02
6.000000000000000e-03 3.660000000000000e-02
7.000000000000000e-03 3.660000000000000e-02
8.000000000000000e-03 3.660000000000000e-02
9.000000000000001e-03 3.660000000000000e-02
1.000000000000000e-02 3.660000000000000e-02
1.150000000000000e-02 3.660000000000000e-02
1.300000000000000e-02 3.660000000000000e-02
1.350000000000000e-02 3.660000000000000e-02
1.500000000000000e-02 3.660000000000000e-02
1.650000000000000e-02 3.660000000000000e-02
1.800000000000000e-02 3.660000000000000e-02
1.950000000000000e-02 3.660000000000000e-02
2.100000000000000e-02 3.660000000000000e-02
2.150000000000000e-02 3.660000000000000e-02
2.300000000000000e-02 3.660000000000000e-02
2.450000000000000e-02 3.660000000000000e-02
2.500000000000000e-02 3.660000000000000e-02
2.900000000000000e-02 3.660000000000000e-02
3.380000000000000e-02 3.660000000000000e-02
3.956000000000000e-02 3.660000000000000e-02
4.000000000000000e-02 3.660000000000000e-02
4.800000000000000e-02 3.660000000000000e-02
5.840000000000000e-02 3.660000000000000e-02
7.192000000000000e-02 3.660000000000000e-02
8.949599999999999e-02 3.660000000000000e-02
1.000000000000000e-01 3.660000000000000e-02
-1.000000000000000e-01 4.092000000000000e-02
-7.715120000000000e-02 4.092000000000000e-02
-5.957519999999999e-02 4.092000000000000e-02
-4.605519999999999e-02 4.092000000000000e-02
-4.000000000000000e-02 4.092000000000000e-02
-3.308800000000000e-02 4.092000000000000e-02
-2.732800000000000e-02 4.092000000000000e-02
-2.500000000000000e-02 4.092000000000000e-02
-2.350000000000000e-02 4.092000000000000e-02
-2.200000000000000e-02 4.092000000000000e-02
-2.150000000000000e-02 4.092000000000000e-02
-2.000000000000000e-02 4.092000000000000e-02
-1.850000000000000e-02 4.092000000000000e-02
-1.699999999999999e-02 4.092000000000000e-02
-1.549999999999999e-02 4.092000000000000e-02
-1.400000000000000e-02 4.092000000000000e-02
-1.350000000000000e-02 4.092000000000000e-02
-1.200000000000000e-02 4.092000000000000e-02
-1.050000000000000e-02 4.092000000000000e-02
-1.000000000000000e-02 4.092000000000000e-02
-9.000000000000001e-03 4.092000000000000e-02
-8.000000000000000e-03 4.092000000000000e-02
-7.000000000000000e-03 4.092000000000000e-02
-6.000000000000000e-03 4.092000000000000e-02
-5.000000000000000e-03 4.092000000000000e-02
-4.000000000000000e-03 4.092000000000000e-02
-3.000000000000000e-03 4.092000000000000e-02
-2.000000000000000e-03 4.092000000000000e-02
-1.000000000000000e-03 4.092000000000000e-02
0.000000000000000e+00 4.092000000000000e-02
1.000000000000000e-03 4.092000000000000e-02
2.000000000000000e-03 4.092000000000000e-02
3.000000000000000e-03 4.092000000000000e-02
4.000000000000000e-03 4.092000000000000e-02
5.000000000000000e-03 4.092000000000000e-02
6.000000000000000e-03 4.092000000000000e-02
7.000000000000000e-03 4.092000000000000e-02
8.000000000000000e-03 4.092000000000000e-02
9.000000000000001e-03 4.092000000000000e-02
1.000000000000000e-02 4.092000000000000e-02
1.150000000000000e-02 4.092000000000000e-02
1.300000000000000e-02 4.092000000000000e-02
1.350000000000000e-02 4.092000000000000e-02
1.500000000000000e-02 4.092000000000000e-02
1.650000000000000e-02 4.092000000000000e-02
1.800000000000000e-02 4.092000000000000e-02
1.950000000000000e-02 4.092000000000000e-02
2.100000000000000e-02 4.092000000000000e-02
2.150000000000000e-02 4.092000000000000e-02
2.300000000000000e-02 4.092000000000000e-02
2.450000000000000e-02 4.092000000000000e-02
2.500000000000000e-02 4.092000000000000e-02
2.900000000000000e-02 4.092000000000000e-02
3.380000000000000e-02 4.092000000000000e-02
3.956000000000000e-02 4.092000000000000e-02
4.000000000000000e-02 4.092000000000000e-02
4.800000000000000e-02 4.092000000000000e-02
5.840000000000000e-02 4.092000000000000e-02
7.192000000000000e-02 4.092000000000000e-02
8.949599999999999e-02 4.092000000000000e-02
1.000000000000000e-01 4.092000000000000e-02
-1.000000000000000e-01 4.610400000000000e-02
-7.715120000000000e-02 4.610400000000000e-02
-5.957519999999999e-02 4.610400000000000e-02
-4.605519999999999e-02 4.610400000000000e-02
-4.000000000000000e-02 4.610400000000000e-02
-3.308800000000000e-02 4.610400000000000e-02
-2.732800000000000e-02 4.610400000000000e-02
-2.500000000000000e-02 4.610400000000000e-02
-2.350000000000000e-02 4.610400000000000e-02
-2.200000000000000e-02 4.610400000000000e-02
-2.150000000000000e-02 4.610400000000000e-02
-2.000000000000000e-02 4.610400000000000e-02
-1.850000000000000e-02 4.610400000000000e-02
-1.699999999999999e-02 4.610400000000000e-02
-1.549999999999999e-02 4.610400000000000e-02
-1.400000000000000e-02 4.610400000000000e-02
-1.350000000000000e-02 4.610400000000000e-02
-1.200000000000000e-02 4.610400000000000e-02
-1.050000000000000e-02 4.610400000000000e-02
-1.000000000000000e-02 4.610400000000000e-02
-9.000000000000001e-03 4.610400000000000e-02
-8.000000000000000e-03 4.610400000000000e-02
-7.000000000000000e-03 4.610400000000000e-02
-6.000000000000000e-03 4.610400000000000e-02
-5.000000000000000e-03 4.610400000000000e-02
-4.000000000000000e-03 4.610400000000000e-02
-3.000000000000000e-03 4.610400000000000e-02
-2.000000000000000e-03 4.610400000000000e-02
-1.000000000000000e-03 4.610400000000000e-02
0.000000000000000e+00 4.610400000000000e-02
1.000000000000000e-03 4.610400000000000e-02
2.000000000000000e-03 4.610400000000000e-02
3.000000000000000e-03 4.610400000000000e-02
4.000000000000000e-03 4.610400000000000e-02
5.000000000000000e-03 4.610400000000000e-02
6.000000000000000e-03 4.610400000000000e-02
7.000000000000000e-03 4.610400000000000e-02
8.000000000000000e-03 4.610400000000000e-02
9.000000000000001e-03 4.610400000000000e-02
1.000000000000000e-02 4.610400000000000e-02
1.150000000000000e-02 4.610400000000000e-02
1.300000000000000e-02 4.610400000000000e-02
1.350000000000000e-02 4.610400000000000e-02
1.500000000000000e-02 4.610400000000000e-02
1.650000000000000e-02 4.610400000000000e-02
1.800000000000000e-02 4.610400000000000e-02
1.950000000000000e-02 4.610400000000000e-02
2.100000000000000e-02 4.610400000000000e-02
2.150000000000000e-02 4.610400000000000e-02
2.300000000000000e-02 4.610400000000000e-02
2.450000000000000e-02 4.610400000000000e-02
2.500000000000000e-02 4.610400000000000e-02
2.900000000000000e-02 4.610400000000000e-02
3.380000000000000e-02 4.610400000000000e-02
3.956000000000000e-02 4.610400000000000e-02
4.000000000000000e-02 4.610400000000000e-02
4.800000000000000e-02 4.610400000000000e-02
5.840000000000000e-02 4.610400000000000e-02
7.192000000000000e-02 4.610400000000000e-02
8.949599999999999e-02 4.610400000000000e-02
1.000000000000000e-01 4.610400000000000e-02
-1.000000000000000e-01 5.232480000000000e-02
-7.715120000000000e-02 5.232480000000000e-02
-5.957519999999999e-02 5.232480000000000e-02
-4.605519999999999e-02 5.232480000000000e-02
-4.000000000000000e-02 5.232480000000000e-02
-3.308800000000000e-02 5.232480000000000e-02
-2.732800000000000e-02 5.232480000000000e-02
-2.500000000000000e-02 5.232480000000000e-02
-2.350000000000000e-02 5.232480000000000e-02
-2.200000000000000e-02 5.232480000000000e-02
-2.150000000000000e-02 5.232480000000000e-02
-2.000000000000000e-02 5.232480000000000e-02
-1.850000000000000e-02 5.232480000000000e-02
-1.699999999999999e-02 5.232480000000000e-02
-1.549999999999999e-02 5.232480000000000e-02
-1.400000000000000e-02 5.232480000000000e-02
-1.350000000000000e-02 5.232480000000000e-02
-1.200000000000000e-02 5.232480000000000e-02
-1.050000000000000e-02 5.232480000000000e-02
-1.000000000000000e-02 5.232480000000000e-02
-9.000000000000001e-03 5.232480000000000e-02
-8.000000000000000e-03 5.232480000000000e-02
-7.000000000000000e-03 5.232480000000000e-02
-6.000000000000000e-03 5.232480000000000e-02
-5.000000000000000e-03 5.232480000000000e-02
-4.000000000000000e-03 5.232480000000000e-02
-3.000000000000000e-03 5.232480000000000e-02
-2.000000000000000e-03 5.232480000000000e-02
-1.000000000000000e-03 5.232480000000000e-02
0.000000000000000e+00 5.232480000000000e-02
1.000000000000000e-03 5.232480000000000e-02
2.000000000000000e-03 5.232480000000000e-02
3.000000000000000e-03 5.232480000000000e-02
4.000000000000000e-03 5.232480000000000e-02
5.000000000000000e-03 5.232480000000000e-02
6.000000000000000e-03 5.232480000000000e-02
7.000000000000000e-03 5.232480000000000e-02
8.000000000000000e-03 5.232480000000000e-02
9.000000000000001e-03 5.232480000000000e-02
1.000000000000000e-02 5.232480000000000e-02
1.150000000000000e-02 5.232480000000000e-02
1.300000000000000e-02 5.232480000000000e-02
1.350000000000000e-02 5.232480000000000e-02
1.500000000000000e-02 5.232480000000000e-02
1.650000000000000e-02 5.232480000000000e-02
1.800000000000000e-02 5.232480000000000e-02
1.950000000000000e-02 5.232480000000000e-02
2.100000000000000e-02 5.232480000000000e-02
2.150000000000000e-02 5.232480000000000e-02
2.300000000000000e-02 5.232480000000000e-02
2.450000000000000e-02 5.232480000000000e-02
2.500000000000000e-02 5.232480000000000e-02
2.900000000000000e-02 5.232480000000000e-02
3.380000000000000e-02 5.232480000000000e-02
3.956000000000000e-02 5.232480000000000e-02
4.000000000000000e-02 5.232480000000000e-02
4.800000000000000e-02 5.232480000000000e-02
5.840000000000000e-02 5.232480000000000e-02
7.192000000000000e-02 5.232480000000000e-02
8.949599999999999e-02 5.232480000000000e-02
1.000000000000000e-01 5.232480000000000e-02
-1.000000000000000e-01 5.978976000000000e-02
-7.715120000000000e-02 5.978976000000000e-02
-5.957519999999999e-02 5.978976000000000e-02
-4.605519999999999e-02 5.978976000000000e-02
-4.000000000000000e-02 5.978976000000000e-02
-3.308800000000000e-02 5.978976000000000e-02
-2.732800000000000e-02 5.978976000000000e-02
-2.500000000000000e-02 5.978976000000000e-02
-2.350000000000000e-02 5.978976000000000e-02
-2.200000000000000e-02 5.978976000000000e-02
-2.150000000000000e-02 5.978976000000000e-02
-2.000000000000000e-02 5.978976000000000e-02
-1.850000000000000e-02 5.978976000000000e-02
-1.699999999999999e-02 5.978976000000000e-02
-1.549999999999999e-02 5.978976000000000e-02
-1.400000000000000e-02 5.978976000000000e-02
-1.350000000000000e-02 5.978976000000000e-02
-1.200000000000000e-02 5.978976000000000e-02
-1.050000000000000e-02 5.978976000000000e-02
-1.000000000000000e-02 5.978976000000000e-02
-9.000000000000001e-03 5.978976000000000e-02
-8.000000000000000e-03 5.978976000000000e-02
-7.000000000000000e-03 5.978976000000000e-02
-6.000000000000000e-03 5.978976000000000e-02
-5.000000000000000e-03 5.978976000000000e-02
-4.000000000000000e-03 5.978976000000000e-02
-3.000000000000000e-03 5.978976000000000e-02
-2.000000000000000e-03 5.978976000000000e-02
-1.000000000000000e-03 5.978976000000000e-02
0.000000000000000e+00 5.978976000000000e-02
1.000000000000000e-03 5.978976000000000e-02
2.000000000000000e-03 5.978976000000000e-02
3.000000000000000e-03 5.978976000000000e-02
4.000000000000000e-03 5.978976000000000e-02
5.000000000000000e-03 5.978976000000000e-02
6.000000000000000e-03 5.978976000000000e-02
7.000000000000000e-03 5.978976000000000e-02
8.000000000000000e-03 5.978976000000000e-02
9.000000000000001e-03 5.978976000000000e-02
1.000000000000000e-02 5.978976000000000e-02
1.150000000000000e-02 5.978976000000000e-02
1.300000000000000e-02 5.978976000000000e-02
1.350000000000000e-02 5.978976000000000e-02
1.500000000000000e-02 5.978976000000000e-02
1.650000000000000e-02 5.978976000000000e-02
1.800000000000000e-02 5.978976000000000e-02
1.950000000000000e-02 5.978976000000000e-02
2.100000000000000e-02 5.978976000000000e-02
2.150000000000000e-02 5.978976000000000e-02
2.300000000000000e-02 5.978976000000000e-02
2.450000000000000e-02 5.978976000000000e-02
2.500000000000000e-02 5.978976000000000e-02
2.900000000000000e-02 5.978976000000000e-02
3.380000000000000e-02 5.978976000000000e-02
3.956000000000000e-02 5.978976000000000e-02
4.000000000000000e-02 5.978976000000000e-02
4.800000000000000e-02 5.978976000000000e-02
5.840000000000000e-02 5.978976000000000e-02
7.192000000000000e-02 5.978976000000000e-02
8.949599999999999e-02 5.978976000000000e-02
1.000000000000000e-01 5.978976000000000e-02
-1.000000000000000e-01 6.000000000000000e-02
-7.715120000000000e-02 6.000000000000000e-02
-5.957519999999999e-02 6.000000000000000e-02
-4.605519999999999e-02 6.000000000000000e-02
-4.000000000000000e-02 6.000000000000000e-02
-3.308800000000000e-02 6.000000000000000e-02
-2.732800000000000e-02 6.000000000000000e-02
-2.500000000000000e-02 6.000000000000000e-02
-2.350000000000000e-02 6.000000000000000e-02
-2.200000000000000e-02 6.000000000000000e-02
-2.150000000000000e-02 6.000000000000000e-02
-2.000000000000000e-02 6.000000000000000e-02
-1.850000000000000e-02 6.000000000000000e-02
-1.699999999999999e-02 6.000000000000000e-02
-1.549999999999999e-02 6.000000000000000e-02
-1.400000000000000e-02 6.000000000000000e-02
-1.350000000000000e-02 6.000000000000000e-02
-1.200000000000000e-02 6.000000000000000e-02
-1.050000000000000e-02 6.000000000000000e-02
-1.000000000000000e-02 6.000000000000000e-02
-9.000000000000001e-03 6.000000000000000e-02
-8.000000000000000e-03 6.000000000000000e-02
-7.000000000000000e-03 6.000000000000000e-02
-6.000000000000000e-03 6.000000000000000e-02
-5.000000000000000e-03 6.000000000000000e-02
-4.000000000000000e-03 6.000000000000000e-02
-3.000000000000000e-03 6.000000000000000e-02
-2.000000000000000e-03 6.000000000000000e-02
-1.000000000000000e-03 6.000000000000000e-02
0.000000000000000e+00 6.000000000000000e-02
1.000000000000000e-03 6.000000000000000e-02
2.000000000000000e-03 6.000000000000000e-02
3.000000000000000e-03 6.000000000000000e-02
4.000000000000000e-03 6.000000000000000e-02
5.000000000000000e-03 6.000000000000000e-02
6.000000000000000e-03 6.000000000000000e-02
7.000000000000000e-03 6.000000000000000e-02
8.000000000000000e-03 6.000000000000000e-02
9.000000000000001e-03 6.000000000000000e-02
1.000000000000000e-02 6.000000000000000e-02
1.150000000000000e-02 6.000000000000000e-02
1.300000000000000e-02 6.000000000000000e-02
1.350000000000000e-02 6.000000000000000e-02
1.500000000000000e-02 6.000000000000000e-02
1.650000000000000e-02 6.000000000000000e-02
1.800000000000000e-02 6.000000000000000e-02
1.950000000000000e-02 6.000000000000000e-02
2.100000000000000e-02 6.000000000000000e-02
2.150000000000000e-02 6.000000000000000e-02
2.300000000000000e-02 6.000000000000000e-02
2.450000000000000e-02 6.000000000000000e-02
2.500000000000000e-02 6.000000000000000e-02
2.900000000000000e-02 6.000000000000000e-02
3.380000000000000e-02 6.000000000000000e-02
3.956000000000000e-02 6.000000000000000e-02
4.000000000000000e-02 6.000000000000000e-02
4.800000000000000e-02 6.000000000000000e-02
5.840000000000000e-02 6.000000000000000e-02
7.192000000000000e-02 6.000000000000000e-02
8.949599999999999e-02 6.000000000000000e-02
1.000000000000000e-01 6.000000000000000e-02
-1.000000000000000e-01 6.500000000000000e-02
-7.715120000000000e-02 6.500000000000000e-02
-5.957519999999999e-02 6.500000000000000e-02
-4.605519999999999e-02 6.500000000000000e-02
-4.000000000000000e-02 6.500000000000000e-02
-3.308800000000000e-02 6.500000000000000e-02
-2.732800000000000e-02 6.500000000000000e-02
-2.500000000000000e-02 6.500000000000000e-02
-2.350000000000000e-02 6.500000000000000e-02
-2.200000000000000e-02 6.500000000000000e-02
-2.150000000000000e-02 6.500000000000000e-02
-2.000000000000000e-02 6.500000000000000e-02
-1.850000000000000e-02 6.500000000000000e-02
-1.699999999999999e-02 6.500000000000000e-02
-1.549999999999999e-02 6.500000000000000e-02
-1.400000000000000e-02 6.500000000000000e-02
-1.350000000000000e-02 6.500000000000000e-02
-1.200000000000000e-02 6.500000000000000e-02
-1.050000000000000e-02 6.500000000000000e-02
-1.000000000000000e-02 6.500000000000000e-02
-9.000000000000001e-03 6.500000000000000e-02
-8.000000000000000e-03 6.500000000000000e-02
-7.000000000000000e-03 6.500000000000000e-02
-6.000000000000000e-03 6.500000000000000e-02
-5.000000000000000e-03 6.500000000000000e-02
-4.000000000000000e-03 6.500000000000000e-02
-3.000000000000000e-03 6.500000000000000e-02
-2.000000000000000e-03 6.500000000000000e-02
-1.000000000000000e-03 6.500000000000000e-02
0.000000000000000e+00 6.500000000000000e-02
1.000000000000000e-03 6.500000000000000e-02
2.000000000000000e-03 6.500000000000000e-02
3.000000000000000e-03 6.500000000000000e-02
4.000000000000000e-03 6.500000000000000e-02
5.000000000000000e-03 6.500000000000000e-02
6.000000000000000e-03 6.500000000000000e-02
7.000000000000000e-03 6.500000000000000e-02
8.000000000000000e-03 6.500000000000000e-02
9.000000000000001e-03 6.500000000000000e-02
1.000000000000000e-02 6.500000000000000e-02
1.150000000000000e-02 6.500000000000000e-02
1.300000000000000e-02 6.500000000000000e-02
1.350000000000000e-02 6.500000000000000e-02
1.500000000000000e-02 6.500000000000000e-02
1.650000000000000e-02 6.500000000000000e-02
1.800000000000000e-02 6.500000000000000e-02
1.950000000000000e-02 6.500000000000000e-02
2.100000000000000e-02 6.500000000000000e-02
2.150000000000000e-02 6.500000000000000e-02
2.300000000000000e-02 6.500000000000000e-02
2.450000000000000e-02 6.500000000000000e-02
2.500000000000000e-02 6.500000000000000e-02
2.900000000000000e-02 6.500000000000000e-02
3.380000000000000e-02 6.500000000000000e-02
3.956000000000000e-02 6.500000000000000e-02
4.000000000000000e-02 6.500000000000000e-02
4.800000000000000e-02 6.500000000000000e-02
5.840000000000000e-02 6.500000000000000e-02
7.192000000000000e-02 6.500000000000000e-02
8.949599999999999e-02 6.500000000000000e-02
1.000000000000000e-01 6.500000000000000e-02
-1.000000000000000e-01 7.150000000000001e-02
-7.715120000000000e-02 7.150000000000001e-02
-5.957519999999999e-02 7.150000000000001e-02
-4.605519999999999e-02 7.150000000000001e-02
-4.000000000000000e-02 7.150000000000001e-02
-3.308800000000000e-02 7.150000000000001e-02
-2.732800000000000e-02 7.150000000000001e-02
-2.500000000000000e-02 7.150000000000001e-02
-2.350000000000000e-02 7.150000000000001e-02
-2.200000000000000e-02 7.150000000000001e-02
-2.150000000000000e-02 7.150000000000001e-02
-2.000000000000000e-02 7.150000000000001e-02
-1.850000000000000e-02 7.150000000000001e-02
-1.699999999999999e-02 7.150000000000001e-02
-1.549999999999999e-02 7.150000000000001e-02
-1.400000000000000e-02 7.150000000000001e-02
-1.350000000000000e-02 7.150000000000001e-02
-1.200000000000000e-02 7.150000000000001e-02
-1.050000000000000e-02 7.150000000000001e-02
-1.000000000000000e-02 7.150000000000001e-02
-9.000000000000001e-03 7.150000000000001e-02
-8.000000000000000e-03 7.150000000000001e-02
-7.000000000000000e-03 7.150000000000001e-02
-6.000000000000000e-03 7.150000000000001e-02
-5.000000000000000e-03 7.150000000000001e-02
-4.000000000000000e-03 7.150000000000001e-02
-3.000000000000000e-03 7.150000000000001e-02
-2.000000000000000e-03 7.150000000000001e-02
-1.000000000000000e-03 7.150000000000001e-02
0.000000000000000e+00 7.150000000000001e-02
1.000000000000000e-03 7.150000000000001e-02
2.000000000000000e-03 7.150000000000001e-02
3.000000000000000e-03 7.150000000000001e-02
4.000000000000000e-03 7.150000000000001e-02
5.000000000000000e-03 7.150000000000001e-02
6.000000000000000e-03 7.150000000000001e-02
7.000000000000000e-03 7.150000000000001e-02
8.000000000000000e-03 7.150000000000001e-02
9.000000000000001e-03 7.150000000000001e-02
1.000000000000000e-02 7.150000000000001e-02
1.150000000000000e-02 7.150000000000001e-02
1.300000000000000e-02 7.150000000000001e-02
1.350000000000000e-02 7.150000000000001e-02
1.500000000000000e-02 7.150000000000001e-02
1.650000000000000e-02 7.150000000000001e-02
1.800000000000000e-02 7.150000000000001e-02
1.950000000000000e-02 7.150000000000001e-02
2.100000000000000e-02 7.150000000000001e-02
2.150000000000000e-02 7.150000000000001e-02
2.300000000000000e-02 7.150000000000001e-02
2.450000000000000e-02 7.150000000000001e-02
2.500000000000000e-02 7.150000000000001e-02
2.900000000000000e-02 7.150000000000001e-02
3.380000000000000e-02 7.150000000000001e-02
3.956000000000000e-02 7.150000000000001e-02
4.000000000000000e-02 7.150000000000001e-02
4.800000000000000e-02 7.150000000000001e-02
5.840000000000000e-02 7.150000000000001e-02
7.192000000000000e-02 7.150000000000001e-02
8.949599999999999e-02 7.150000000000001e-02
1.000000000000000e-01 7.150000000000001e-02
-1.000000000000000e-01 7.995000000000001e-02
-7.715120000000000e-02 7.995000000000001e-02
-5.957519999999999e-02 7.995000000000001e-02
-4.605519999999999e-02 7.995000000000001e-02
-4.000000000000000e-02 7.995000000000001e-02
-3.308800000000000e-02 7.995000000000001e-02
-2.732800000000000e-02 7.995000000000001e-02
-2.500000000000000e-02 7.995000000000001e-02
-2.350000000000000e-02 7.995000000000001e-02
-2.200000000000000e-02 7.995000000000001e-02
-2.150000000000000e-02 7.995000000000001e-02
-2.000000000000000e-02 7.995000000000001e-02
-1.850000000000000e-02 7.995000000000001e-02
-1.699999999999999e-02 7.995000000000001e-02
-1.549999999999999e-02 7.995000000000001e-02
-1.400000000000000e-02 7.995000000000001e-02
-1.350000000000000e-02 7.995000000000001e-02
-1.200000000000000e-02 7.995000000000001e-02
-1.050000000000000e-02 7.995000000000001e-02
-1.000000000000000e-02 7.995000000000001e-02
-9.000000000000001e-03 7.995000000000001e-02
-8.000000000000000e-03 7.995000000000001e-02
-7.000000000000000e-03 7.995000000000001e-02
-6.000000000000000e-03 7.995000000000001e-02
-5.000000000000000e-03 7.995000000000001e-02
-4.000000000000000e-03 7.995000000000001e-02
-3.000000000000000e-03 7.995000000000001e-02
-2.000000000000000e-03 7.995000000000001e-02
-1.000000000000000e-03 7.995000000000001e-02
0.000000000000000e+00 7.995000000000001e-02
1.000000000000000e-03 7.995000000000001e-02
2.000000000000000e-03 7.995000000000001e-02
3.000000000000000e-03 7.995000000000001e-02
4.000000000000000e-03 7.995000000000001e-02
5.000000000000000e-03 7.995000000000001e-02
6.000000000000000e-03 7.995000000000001e-02
7.000000000000000e-03 7.995000000000001e-02
8.000000000000000e-03 7.995000000000001e-02
9.000000000000001e-03 7.995000000000001e-02
1.000000000000000e-02 7.995000000000001e-02
1.150000000000000e-02 7.995000000000001e-02
1.300000000000000e-02 7.995000000000001e-02
1.350000000000000e-02 7.995000000000001e-02
1.500000000000000e-02 7.995000000000001e-02
1.650000000000000e-02 7.995000000000001e-02
1.800000000000000e-02 7.995000000000001e-02
1.950000000000000e-02 7.995000000000001e-02
2.100000000000000e-02 7.995000000000001e-02
2.150000000000000e-02 7.995000000000001e-02
2.300000000000000e-02 7.995000000000001e-02
2.450000000000000e-02 7.995000000000001e-02
2.500000000000000e-02 7.995000000000001e-02
2.900000000000000e-02 7.995000000000001e-02
3.380000000000000e-02 7.995000000000001e-02
3.956000000000000e-02 7.995000000000001e-02
4.000000000000000e-02 7.995000000000001e-02
4.800000000000000e-02 7.995000000000001e-02
5.840000000000000e-02 7.995000000000001e-02
7.192000000000000e-02 7.995000000000001e-02
8.949599999999999e-02 7.995000000000001e-02
1.000000000000000e-01 7.995000000000001e-02
-1.000000000000000e-01 9.093500000000000e-02
-7.715120000000000e-02 9.093500000000000e-02
-5.957519999999999e-02 9.093500000000000e-02
-4.605519999999999e-02 9.093500000000000e-02
-4.000000000000000e-02 9.093500000000000e-02
-3.308800000000000e-02 9.093500000000000e-02
-2.732800000000000e-02 9.093500000000000e-02
-2.500000000000000e-02 9.093500000000000e-02
-2.350000000000000e-02 9.093500000000000e-02
-2.200000000000000e-02 9.093500000000000e-02
-2.150000000000000e-02 9.093500000000000e-02
-2.000000000000000e-02 9.093500000000000e-02
-1.850000000000000e-02 9.093500000000000e-02
-1.699999999999999e-02 9.093500000000000e-02
-1.549999999999999e-02 9.093500000000000e-02
-1.400000000000000e-02 9.093500000000000e-02
-1.350000000000000e-02 9.093500000000000e-02
-1.200000000000000e-02 9.093500000000000e-02
-1.050000000000000e-02 9.093500000000000e-02
-1.000000000000000e-02 9.093500000000000e-02
-9.000000000000001e-03 9.093500000000000e-02
-8.000000000000000e-03 9.093500000000000e-02
-7.000000000000000e-03 9.093500000000000e-02
-6.000000000000000e-03 9.093500000000000e-02
-5.000000000000000e-03 9.093500000000000e-02
-4.000000000000000e-03 9.093500000000000e-02
-3.000000000000000e-03 9.093500000000000e-02
-2.000000000000000e-03 9.093500000000000e-02
-1.000000000000000e-03 9.093500000000000e-02
0.000000000000000e+00 9.093500000000000e-02
1.000000000000000e-03 9.093500000000000e-02
2.000000000000000e-03 9.093500000000000e-02
3.000000000000000e-03 9.093500000000000e-02
4.000000000000000e-03 9.093500000000000e-02
5.000000000000000e-03 9.093500000000000e-02
6.000000000000000e-03 9.093500000000000e-02
7.000000000000000e-03 9.093500000000000e-02
8.000000000000000e-03 9.093500000000000e-02
9.000000000000001e-03 9.093500000000000e-02
1.000000000000000e-02 9.093500000000000e-02
1.150000000000000e-02 9.093500000000000e-02
1.300000000000000e-02 9.093500000000000e-02
1.350000000000000e-02 9.093500000000000e-02
1.500000000000000e-02 9.093500000000000e-02
1.650000000000000e-02 9.093500000000000e-02
1.800000000000000e-02 9.093500000000000e-02
1.950000000000000e-02 9.093500000000000e-02
2.100000000000000e-02 9.093500000000000e-02
2.150000000000000e-02 9.093500000000000e-02
2.300000000000000e-02 9.093500000000000e-02
2.450000000000000e-02 9.093500000000000e-02
2.500000000000000e-02 9.093500000000000e-02
2.900000000000000e-02 9.093500000000000e-02
3.380000000000000e-02 9.093500000000000e-02
3.956000000000000e-02 9.093500000000000e-02
4.000000000000000e-02 9.093500000000000e-02
4.800000000000000e-02 9.093500000000000e-02
5.840000000000000e-02 9.093500000000000e-02
7.192000000000000e-02 9.093500000000000e-02
8.949599999999999e-02 9.093500000000000e-02
1.000000000000000e-01 9.093500000000000e-02
-1.000000000000000e-01 1.052155000000000e-01
-7.715120000000000e-02 1.052155000000000e-01
-5.957519999999999e-02 1.052155000000000e-01
-4.605519999999999e-02 1.052155000000000e-01
-4.000000000000000e-02 1.052155000000000e-01
-3.308800000000000e-02 1.052155000000000e-01
-2.732800000000000e-02 1.052155000000000e-01
-2.500000000000000e-02 1.052155000000000e-01
-2.350000000000000e-02 1.052155000000000e-01
-2.200000000000000e-02 1.052155000000000e-01
-2.150000000000000e-02 1.052155000000000e-01
-2.000000000000000e-02 1.052155000000000e-01
-1.850000000000000e-02 1.052155000000000e-01
-1.699999999999999e-02 1.052155000000000e-01
-1.549999999999999e-02 1.052155000000000e-01
-1.400000000000000e-02 1.052155000000000e-01
-1.350000000000000e-02 1.052155000000000e-01
-1.200000000000000e-02 1.052155000000000e-01
-1.050000000000000e-02 1.052155000000000e-01
-1.000000000000000e-02 1.052155000000000e-01
-9.000000000000001e-03 1.052155000000000e-01
-8.000000000000000e-03 1.052155000000000e-01
-7.000000000000000e-03 1.052155000000000e-01
-6.000000000000000e-03 1.052155000000000e-01
-5.000000000000000e-03 1.052155000000000e-01
-4.000000000000000e-03 1.052155000000000e-01
-3.000000000000000e-03 1.052155000000000e-01
-2.000000000000000e-03 1.052155000000000e-01
-1.000000000000000e-03 1.052155000000000e-01
0.000000000000000e+00 1.052155000000000e-01
1.000000000000000e-03 1.052155000000000e-01
2.000000000000000e-03 1.052155000000000e-01
3.000000000000000e-03 1.052155000000000e-01
4.000000000000000e-03 1.052155000000000e-01
5.000000000000000e-03 1.052155000000000e-01
6.000000000000000e-03 1.052155000000000e-01
7.000000000000000e-03 1.052155000000000e-01
8.000000000000000e-03 1.052155000000000e-01
9.000000000000001e-03 1.052155000000000e-01
1.000000000000000e-02 1.052155000000000e-01
1.150000000000000e-02 1.052155000000000e-01
1.300000000000000e-02 1.052155000000000e-01
1.350000000000000e-02 1.052155000000000e-01
1.500000000000000e-02 1.052155000000000e-01
1.650000000000000e-02 1.052155000000000e-01
1.800000000000000e-02 1.052155000000000e-01
1.950000000000000e-02 1.052155000000000e-01
2.100000000000000e-02 1.052155000000000e-01
2.150000000000000e-02 1.052155000000000e-01
2.300000000000000e-02 1.052155000000000e-01
2.450000000000000e-02 1.052155000000000e-01
2.500000000000000e-02 1.052155000000000e-01
2.900000000000000e-02 1.052155000000000e-01
3.380000000000000e-02 1.052155000000000e-01
3.956000000000000e-02 1.052155000000000e-01
4.000000000000000e-02 1.052155000000000e-01
4.800000000000000e-02 1.052155000000000e-01
5.840000000000000e-02 1.052155000000000e-01
7.192000000000000e-02 1.052155000000000e-01
8.949599999999999e-02 1.052155000000000e-01
1.000000000000000e-01 1.052155000000000e-01
-1.000000000000000e-01 1.000000000000000e-01
-7.715120000000000e-02 1.000000000000000e-01
-5.957519999999999e-02 1.000000000000000e-01
-4.605519999999999e-02 1.000000000000000e-01
-4.000000000000000e-02 1.000000000000000e-01
-3.308800000000000e-02 1.000000000000000e-01
-2.732800000000000e-02 1.000000000000000e-01
-2.500000000000000e-02 1.000000000000000e-01
-2.350000000000000e-02 1.000000000000000e-01
-2.200000000000000e-02 1.000000000000000e-01
-2.150000000000000e-02 1.000000000000000e-01
-2.000000000000000e-02 1.000000000000000e-01
-1.850000000000000e-02 1.000000000000000e-01
-1.699999999999999e-02 1.000000000000000e-01
-1.549999999999999e-02 1.000000000000000e-01
-1.400000000000000e-02 1.000000000000000e-01
-1.350000000000000e-02 1.000000000000000e-01
-1.200000000000000e-02 1.000000000000000e-01
-1.050000000000000e-02 1.000000000000000e-01
-1.000000000000000e-02 1.000000000000000e-01
-9.000000000000001e-03 1.000000000000000e-01
-8.000000000000000e-03 1.000000000000000e-01
-7.000000000000000e-03 1.000000000000000e-01
-6.000000000000000e-03 1.000000000000000e-01
-5.000000000000000e-03 1.000000000000000e-01
-4.000000000000000e-03 1.000000000000000e-01
-3.000000000000000e-03 1.000000000000000e-01
-2.000000000000000e-03 1.000000000000000e-01
-1.000000000000000e-03 1.000000000000000e-01
0.000000000000000e+00 1.000000000000000e-01
1.000000000000000e-03 1.000000000000000e-01
2.000000000000000e-03 1.000000000000000e-01
3.000000000000000e-03 1.000000000000000e-01
4.000000000000000e-03 1.000000000000000e-01
5.000000000000000e-03 1.000000000000000e-01
6.000000000000000e-03 1.000000000000000e-01
7.000000000000000e-03 1.000000000000000e-01
8.000000000000000e-03 1.000000000000000e-01
9.000000000000001e-03 1.000000000000000e-01
1.000000000000000e-02 1.000000000000000e-01
1.150000000000000e-02 1.000000000000000e-01
1.300000000000000e-02 1.000000000000000e-01
1.350000000000000e-02 1.000000000000000e-01
1.500000000000000e-02 1.000000000000000e-01
1.650000000000000e-02 1.000000000000000e-01
1.800000000000000e-02 1.000000000000000e-01
1.950000000000000e-02 1.000000000000000e-01
2.100000000000000e-02 1.000000000000000e-01
2.150000000000000e-02 1.000000000000000e-01
2.300000000000000e-02 1.000000000000000e-01
2.450000000000000e-02 1.000000000000000e-01
2.500000000000000e-02 1.000000000000000e-01
2.900000000000000e-02 1.000000000000000e-01
3.380000000000000e-02 1.000000000000000e-01
3.956000000000000e-02 1.000000000000000e-01
4.000000000000000e-02 1.000000000000000e-01
4.800000000000000e-02 1.000000000000000e-01
5.840000000000000e-02 1.000000000000000e-01
7.192000000000000e-02 1.000000000000000e-01
8.949599999999999e-02 1.000000000000000e-01
1.000000000000000e-01 1.000000000000000e-01
